chrom	length	bases	mean	min	max
NW_022144746.1	64836	40	0.00	0	2
NW_022144746.1_region	0	0	0.00	0	0
NW_022144747.1	60028	530	0.01	0	14
NW_022144747.1_region	0	0	0.00	0	0
NW_022144748.1	57988	4185	0.07	0	16
NW_022144748.1_region	939	16	0.02	0	1
NW_022144750.1	47351	171	0.00	0	9
NW_022144750.1_region	0	0	0.00	0	0
NW_022144751.1	44134	6270	0.14	0	31
NW_022144751.1_region	4170	550	0.13	0	6
NW_022144752.1	38760	247	0.01	0	8
NW_022144752.1_region	0	0	0.00	0	0
NW_022144753.1	32290	4718	0.15	0	17
NW_022144753.1_region	819	0	0.00	0	0
NW_022144754.1	30490	177	0.01	0	6
NW_022144754.1_region	0	0	0.00	0	0
NW_022144755.1	29101	31283	1.07	0	1278
NW_022144755.1_region	0	0	0.00	0	0
NW_022144756.1	26146	16026	0.61	0	118
NW_022144756.1_region	0	0	0.00	0	0
NW_022144757.1	25658	5178	0.20	0	24
NW_022144757.1_region	2781	558	0.20	0	24
NW_022144758.1	25340	1825	0.07	0	16
NW_022144758.1_region	0	0	0.00	0	0
NW_022144759.1	25179	3667	0.15	0	16
NW_022144759.1_region	8430	1329	0.16	0	16
NW_022144760.1	24030	6069	0.25	0	110
NW_022144760.1_region	996	0	0.00	0	0
NW_022144761.1	23711	5181	0.22	0	60
NW_022144761.1_region	0	0	0.00	0	0
NW_022144762.1	23070	5403	0.23	0	45
NW_022144762.1_region	1032	88	0.09	0	2
NW_022144763.1	22953	3561	0.16	0	17
NW_022144763.1_region	2952	154	0.05	0	3
NW_022144764.1	22620	3856	0.17	0	12
NW_022144764.1_region	2640	240	0.09	0	12
NW_022144765.1	22433	889	0.04	0	20
NW_022144765.1_region	11148	76	0.01	0	2
NW_022144766.1	21973	6242	0.28	0	28
NW_022144766.1_region	0	0	0.00	0	0
NW_022144767.1	21667	4855	0.22	0	28
NW_022144767.1_region	0	0	0.00	0	0
NW_022144768.1	21625	3232	0.15	0	19
NW_022144768.1_region	0	0	0.00	0	0
NW_022144769.1	21387	3942	0.18	0	48
NW_022144769.1_region	0	0	0.00	0	0
NW_022144770.1	21139	1911	0.09	0	14
NW_022144770.1_region	3847	0	0.00	0	0
NW_022144771.1	21068	5879	0.28	0	43
NW_022144771.1_region	0	0	0.00	0	0
NW_022144772.1	21005	3696	0.18	0	19
NW_022144772.1_region	0	0	0.00	0	0
NW_022144773.1	20784	3486	0.17	0	18
NW_022144773.1_region	0	0	0.00	0	0
NW_022144774.1	20670	3844	0.19	0	22
NW_022144774.1_region	0	0	0.00	0	0
NW_022144775.1	20129	3272	0.16	0	20
NW_022144775.1_region	0	0	0.00	0	0
NW_022144776.1	19833	6062	0.31	0	82
NW_022144776.1_region	1593	246	0.15	0	8
NW_022144777.1	19372	3814	0.20	0	14
NW_022144777.1_region	0	0	0.00	0	0
NW_022144778.1	19224	1422	0.07	0	12
NW_022144778.1_region	1185	82	0.07	0	4
NW_022144779.1	18924	813	0.04	0	10
NW_022144779.1_region	4515	76	0.02	0	2
NW_022144780.1	18903	3128	0.17	0	20
NW_022144780.1_region	0	0	0.00	0	0
NW_022144781.1	18719	2886	0.15	0	39
NW_022144781.1_region	0	0	0.00	0	0
NW_022144782.1	18716	3565	0.19	0	44
NW_022144782.1_region	0	0	0.00	0	0
NW_022144783.1	18557	3713	0.20	0	18
NW_022144783.1_region	312	0	0.00	0	0
NW_022144784.1	18439	2770	0.15	0	16
NW_022144784.1_region	0	0	0.00	0	0
NW_022144785.1	18330	5038	0.27	0	26
NW_022144785.1_region	0	0	0.00	0	0
NW_022144786.1	18214	3112	0.17	0	16
NW_022144786.1_region	0	0	0.00	0	0
NW_022144787.1	18153	3553	0.20	0	21
NW_022144787.1_region	0	0	0.00	0	0
NW_022144788.1	17951	4773	0.27	0	28
NW_022144788.1_region	0	0	0.00	0	0
NW_022144789.1	17798	8814	0.50	0	116
NW_022144789.1_region	0	0	0.00	0	0
NW_022144790.1	17754	4093	0.23	0	30
NW_022144790.1_region	3724	1131	0.30	0	14
NW_022144791.1	17648	2651	0.15	0	12
NW_022144791.1_region	0	0	0.00	0	0
NW_022144792.1	17542	3014	0.17	0	14
NW_022144792.1_region	1403	0	0.00	0	0
NW_022144793.1	17493	5656	0.32	0	44
NW_022144793.1_region	0	0	0.00	0	0
NW_022144794.1	17213	4447	0.26	0	18
NW_022144794.1_region	0	0	0.00	0	0
NW_022144795.1	17172	1605	0.09	0	15
NW_022144795.1_region	0	0	0.00	0	0
NW_022144796.1	17039	4006	0.24	0	16
NW_022144796.1_region	894	0	0.00	0	0
NW_022144797.1	17012	3948	0.23	0	63
NW_022144797.1_region	0	0	0.00	0	0
NW_022144798.1	16271	4354	0.27	0	20
NW_022144798.1_region	0	0	0.00	0	0
NW_022144799.1	16212	3204	0.20	0	24
NW_022144799.1_region	1650	398	0.24	0	16
NW_022144800.1	16196	1543	0.10	0	16
NW_022144800.1_region	0	0	0.00	0	0
NW_022144801.1	16082	4170	0.26	0	22
NW_022144801.1_region	0	0	0.00	0	0
NW_022144802.1	16073	2801	0.17	0	20
NW_022144802.1_region	0	0	0.00	0	0
NW_022144803.1	15882	4602	0.29	0	120
NW_022144803.1_region	0	0	0.00	0	0
NW_022144804.1	15872	3027	0.19	0	30
NW_022144804.1_region	1277	588	0.46	0	30
NW_022144805.1	15755	10496	0.67	0	206
NW_022144805.1_region	0	0	0.00	0	0
NW_022144806.1	15729	2483	0.16	0	20
NW_022144806.1_region	0	0	0.00	0	0
NW_022144807.1	15717	1034	0.07	0	8
NW_022144807.1_region	0	0	0.00	0	0
NW_022144808.1	15697	1974	0.13	0	10
NW_022144808.1_region	0	0	0.00	0	0
NW_022144809.1	15254	3574	0.23	0	34
NW_022144809.1_region	624	2	0.00	0	1
NW_022144810.1	15245	2376	0.16	0	14
NW_022144810.1_region	0	0	0.00	0	0
NW_022144811.1	15184	2231	0.15	0	10
NW_022144811.1_region	1176	0	0.00	0	0
NW_022144812.1	15180	4551	0.30	0	40
NW_022144812.1_region	0	0	0.00	0	0
NW_022144813.1	64470	174346	2.70	0	148
NW_022144813.1_region	2668	40393	15.14	0	95
NW_022144814.1	20273	3060	0.15	0	10
NW_022144814.1_region	0	0	0.00	0	0
NW_022144815.1	19793	4150	0.21	0	16
NW_022144815.1_region	0	0	0.00	0	0
NW_022144816.1	18134	2465	0.14	0	9
NW_022144816.1_region	555	0	0.00	0	0
NW_022144817.1	17838	4716	0.26	0	22
NW_022144817.1_region	0	0	0.00	0	0
NW_022144818.1	15663	3095	0.20	0	16
NW_022144818.1_region	0	0	0.00	0	0
NW_022144819.1	25897	337828	13.05	0	468
NW_022144819.1_region	1580	127192	80.50	0	468
NW_022144820.1	14953	1869	0.12	0	10
NW_022144820.1_region	0	0	0.00	0	0
NW_022144821.1	14859	7835	0.53	0	162
NW_022144821.1_region	0	0	0.00	0	0
NW_022144822.1	14838	406	0.03	0	4
NW_022144822.1_region	0	0	0.00	0	0
NW_022144823.1	14815	3817	0.26	0	27
NW_022144823.1_region	0	0	0.00	0	0
NW_022144824.1	14806	4597	0.31	0	33
NW_022144824.1_region	0	0	0.00	0	0
NW_022144825.1	14766	6612	0.45	0	209
NW_022144825.1_region	0	0	0.00	0	0
NW_022144826.1	14747	3523	0.24	0	22
NW_022144826.1_region	0	0	0.00	0	0
NW_022144827.1	14741	5295	0.36	0	54
NW_022144827.1_region	0	0	0.00	0	0
NW_022144828.1	14710	4958	0.34	0	82
NW_022144828.1_region	1104	40	0.04	0	2
NW_022144829.1	14707	1418	0.10	0	8
NW_022144829.1_region	0	0	0.00	0	0
NW_022144830.1	14679	3519	0.24	0	21
NW_022144830.1_region	549	0	0.00	0	0
NW_022144831.1	14604	8536	0.58	0	324
NW_022144831.1_region	0	0	0.00	0	0
NW_022144832.1	14536	3753	0.26	0	24
NW_022144832.1_region	0	0	0.00	0	0
NW_022144833.1	14472	2880	0.20	0	22
NW_022144833.1_region	0	0	0.00	0	0
NW_022144834.1	14424	6095	0.42	0	132
NW_022144834.1_region	0	0	0.00	0	0
NW_022144835.1	14392	59758	4.15	0	200
NW_022144835.1_region	0	0	0.00	0	0
NW_022144836.1	14366	2615	0.18	0	22
NW_022144836.1_region	0	0	0.00	0	0
NW_022144837.1	14316	3982	0.28	0	28
NW_022144837.1_region	474	0	0.00	0	0
NW_022144838.1	14178	3686	0.26	0	14
NW_022144838.1_region	557	40	0.07	0	2
NW_022144839.1	14036	3210	0.23	0	14
NW_022144839.1_region	0	0	0.00	0	0
NW_022144840.1	13984	3465	0.25	0	24
NW_022144840.1_region	0	0	0.00	0	0
NW_022144841.1	13922	3402	0.24	0	38
NW_022144841.1_region	642	0	0.00	0	0
NW_022144842.1	13691	5067	0.37	0	44
NW_022144842.1_region	765	154	0.20	0	6
NW_022144843.1	13690	2624	0.19	0	12
NW_022144843.1_region	825	255	0.31	0	10
NW_022144844.1	13628	2895	0.21	0	19
NW_022144844.1_region	975	0	0.00	0	0
NW_022144845.1	13496	3724	0.28	0	16
NW_022144845.1_region	0	0	0.00	0	0
NW_022144846.1	13451	1959	0.15	0	22
NW_022144846.1_region	0	0	0.00	0	0
NW_022144847.1	13443	4370	0.33	0	27
NW_022144847.1_region	0	0	0.00	0	0
NW_022144848.1	13325	2835	0.21	0	14
NW_022144848.1_region	0	0	0.00	0	0
NW_022144849.1	13232	1650	0.12	0	9
NW_022144849.1_region	501	195	0.39	0	9
NW_022144850.1	13217	821	0.06	0	8
NW_022144850.1_region	0	0	0.00	0	0
NW_022144851.1	13037	4021	0.31	0	22
NW_022144851.1_region	0	0	0.00	0	0
NW_022144852.1	13005	3374	0.26	0	44
NW_022144852.1_region	0	0	0.00	0	0
NW_022144853.1	12874	657	0.05	0	9
NW_022144853.1_region	0	0	0.00	0	0
NW_022144854.1	12677	3435	0.27	0	13
NW_022144854.1_region	0	0	0.00	0	0
NW_022144855.1	12615	2111	0.17	0	13
NW_022144855.1_region	0	0	0.00	0	0
NW_022144856.1	12598	6181	0.49	0	174
NW_022144856.1_region	0	0	0.00	0	0
NW_022144857.1	12436	1365	0.11	0	8
NW_022144857.1_region	0	0	0.00	0	0
NW_022144858.1	12426	1715	0.14	0	18
NW_022144858.1_region	0	0	0.00	0	0
NW_022144859.1	12331	1772	0.14	0	8
NW_022144859.1_region	690	114	0.17	0	4
NW_022144860.1	12325	2265	0.18	0	30
NW_022144860.1_region	0	0	0.00	0	0
NW_022144861.1	12317	1961	0.16	0	22
NW_022144861.1_region	0	0	0.00	0	0
NW_022144862.1	12297	4549	0.37	0	78
NW_022144862.1_region	657	24	0.04	0	1
NW_022144863.1	12291	5217	0.42	0	70
NW_022144863.1_region	0	0	0.00	0	0
NW_022144864.1	12247	2932	0.24	0	18
NW_022144864.1_region	0	0	0.00	0	0
NW_022144865.1	12235	1865	0.15	0	16
NW_022144865.1_region	495	80	0.16	0	16
NW_022144866.1	12202	3713	0.30	0	76
NW_022144866.1_region	0	0	0.00	0	0
NW_022144867.1	12165	1823	0.15	0	12
NW_022144867.1_region	0	0	0.00	0	0
NW_022144868.1	12125	1825	0.15	0	20
NW_022144868.1_region	0	0	0.00	0	0
NW_022144869.1	12087	961	0.08	0	6
NW_022144869.1_region	0	0	0.00	0	0
NW_022144870.1	11997	2276	0.19	0	24
NW_022144870.1_region	0	0	0.00	0	0
NW_022144871.1	11989	3896	0.32	0	28
NW_022144871.1_region	0	0	0.00	0	0
NW_022144872.1	11899	4558	0.38	0	48
NW_022144872.1_region	0	0	0.00	0	0
NW_022144873.1	11852	2523	0.21	0	32
NW_022144873.1_region	1830	275	0.15	0	10
NW_022144874.1	11838	1126	0.10	0	10
NW_022144874.1_region	0	0	0.00	0	0
NW_022144875.1	11825	1217	0.10	0	8
NW_022144875.1_region	469	0	0.00	0	0
NW_022144876.1	11673	21115	1.81	0	543
NW_022144876.1_region	0	0	0.00	0	0
NW_022144877.1	11635	2647	0.23	0	16
NW_022144877.1_region	0	0	0.00	0	0
NW_022144878.1	11630	1853	0.16	0	16
NW_022144878.1_region	1896	320	0.17	0	16
NW_022144879.1	11539	3803	0.33	0	28
NW_022144879.1_region	0	0	0.00	0	0
NW_022144880.1	11518	2454	0.21	0	19
NW_022144880.1_region	0	0	0.00	0	0
NW_022144881.1	11448	1775	0.16	0	14
NW_022144881.1_region	0	0	0.00	0	0
NW_022144882.1	11400	2410	0.21	0	24
NW_022144882.1_region	0	0	0.00	0	0
NW_022144883.1	11312	2670	0.24	0	20
NW_022144883.1_region	0	0	0.00	0	0
NW_022144884.1	11268	2049	0.18	0	10
NW_022144884.1_region	0	0	0.00	0	0
NW_022144885.1	11127	1916	0.17	0	14
NW_022144885.1_region	0	0	0.00	0	0
NW_022144886.1	74569	70785	0.95	0	199
NW_022144886.1_region	0	0	0.00	0	0
NW_022144887.1	11069	2021	0.18	0	20
NW_022144887.1_region	0	0	0.00	0	0
NW_022144888.1	11058	3040	0.27	0	40
NW_022144888.1_region	0	0	0.00	0	0
NW_022144889.1	11056	2062	0.19	0	15
NW_022144889.1_region	0	0	0.00	0	0
NW_022144890.1	10990	2209	0.20	0	18
NW_022144890.1_region	957	36	0.04	0	2
NW_022144891.1	10968	1967	0.18	0	20
NW_022144891.1_region	0	0	0.00	0	0
NW_022144892.1	10910	928	0.09	0	8
NW_022144892.1_region	0	0	0.00	0	0
NW_022144893.1	10903	1618	0.15	0	24
NW_022144893.1_region	0	0	0.00	0	0
NW_022144894.1	10814	777	0.07	0	9
NW_022144894.1_region	0	0	0.00	0	0
NW_022144895.1	10747	3106	0.29	0	30
NW_022144895.1_region	0	0	0.00	0	0
NW_022144896.1	10744	1859	0.17	0	12
NW_022144896.1_region	1205	0	0.00	0	0
NW_022144897.1	116516	1379723	11.84	0	3784
NW_022144897.1_region	8798	19	0.00	0	1
NW_022144898.1	10667	48069	4.51	0	335
NW_022144898.1_region	503	0	0.00	0	0
NW_022144899.1	10605	1679	0.16	0	8
NW_022144899.1_region	0	0	0.00	0	0
NW_022144900.1	10598	2343	0.22	0	20
NW_022144900.1_region	0	0	0.00	0	0
NW_022144901.1	10582	1867	0.18	0	14
NW_022144901.1_region	1699	0	0.00	0	0
NW_022144902.1	10532	1290	0.12	0	22
NW_022144902.1_region	0	0	0.00	0	0
NW_022144903.1	10529	1882	0.18	0	22
NW_022144903.1_region	0	0	0.00	0	0
NW_022144904.1	10526	3195	0.30	0	56
NW_022144904.1_region	335	0	0.00	0	0
NW_022144905.1	10508	3278	0.31	0	60
NW_022144905.1_region	0	0	0.00	0	0
NW_022144906.1	10376	2000	0.19	0	10
NW_022144906.1_region	395	40	0.10	0	2
NW_022144907.1	10259	482	0.05	0	7
NW_022144907.1_region	0	0	0.00	0	0
NW_022144908.1	57212	641004	11.20	0	5202
NW_022144908.1_region	0	0	0.00	0	0
NW_022144909.1	10257	2110	0.21	0	14
NW_022144909.1_region	0	0	0.00	0	0
NW_022144910.1	10238	2124	0.21	0	15
NW_022144910.1_region	0	0	0.00	0	0
NW_022144911.1	10215	1749	0.17	0	12
NW_022144911.1_region	1194	0	0.00	0	0
NW_022144912.1	10118	1629	0.16	0	10
NW_022144912.1_region	0	0	0.00	0	0
NW_022144913.1	10045	2199	0.22	0	22
NW_022144913.1_region	0	0	0.00	0	0
NW_022144914.1	10027	2145	0.21	0	20
NW_022144914.1_region	0	0	0.00	0	0
NW_022144915.1	10023	4496	0.45	0	47
NW_022144915.1_region	0	0	0.00	0	0
NW_022144916.1	9977	2250	0.23	0	14
NW_022144916.1_region	0	0	0.00	0	0
NW_022144917.1	9968	2269	0.23	0	24
NW_022144917.1_region	0	0	0.00	0	0
NW_022144918.1	9948	8249	0.83	0	286
NW_022144918.1_region	0	0	0.00	0	0
NW_022144919.1	101694	931011	9.16	0	312
NW_022144919.1_region	0	0	0.00	0	0
NW_022144920.1	9893	2492	0.25	0	16
NW_022144920.1_region	0	0	0.00	0	0
NW_022144921.1	9870	2125	0.22	0	28
NW_022144921.1_region	0	0	0.00	0	0
NW_022144922.1	9860	1466	0.15	0	10
NW_022144922.1_region	0	0	0.00	0	0
NW_022144923.1	9823	21545	2.19	0	577
NW_022144923.1_region	0	0	0.00	0	0
NW_022144924.1	9823	2037	0.21	0	12
NW_022144924.1_region	0	0	0.00	0	0
NW_022144925.1	9791	2438	0.25	0	66
NW_022144925.1_region	333	0	0.00	0	0
NW_022144926.1	9769	1849	0.19	0	20
NW_022144926.1_region	1017	0	0.00	0	0
NW_022144927.1	9710	1701	0.18	0	24
NW_022144927.1_region	0	0	0.00	0	0
NW_022144928.1	9694	3337	0.34	0	52
NW_022144928.1_region	740	20	0.03	0	2
NW_022144929.1	9642	1358	0.14	0	12
NW_022144929.1_region	0	0	0.00	0	0
NW_022144930.1	49449	637889	12.90	0	2717
NW_022144930.1_region	920	5169	5.62	0	40
NW_022144931.1	9636	2040	0.21	0	25
NW_022144931.1_region	1002	76	0.08	0	4
NW_022144932.1	9590	2555	0.27	0	32
NW_022144932.1_region	0	0	0.00	0	0
NW_022144933.1	9519	29943	3.15	0	143
NW_022144933.1_region	0	0	0.00	0	0
NW_022144934.1	9503	2939	0.31	0	15
NW_022144934.1_region	586	0	0.00	0	0
NW_022144935.1	9369	1790	0.19	0	18
NW_022144935.1_region	0	0	0.00	0	0
NW_022144936.1	9315	1776	0.19	0	18
NW_022144936.1_region	0	0	0.00	0	0
NW_022144937.1	9305	6301	0.68	0	108
NW_022144937.1_region	0	0	0.00	0	0
NW_022144938.1	9294	1860	0.20	0	22
NW_022144938.1_region	0	0	0.00	0	0
NW_022144939.1	9275	2677	0.29	0	20
NW_022144939.1_region	0	0	0.00	0	0
NW_022144940.1	9267	1731	0.19	0	20
NW_022144940.1_region	0	0	0.00	0	0
NW_022144941.1	159342	709275	4.45	0	1281
NW_022144941.1_region	10419	16447	1.58	0	43
NW_022144942.1	9236	3929	0.43	0	62
NW_022144942.1_region	0	0	0.00	0	0
NW_022144943.1	9207	4412	0.48	0	42
NW_022144943.1_region	0	0	0.00	0	0
NW_022144944.1	9202	1251	0.14	0	24
NW_022144944.1_region	0	0	0.00	0	0
NW_022144945.1	9131	1172	0.13	0	14
NW_022144945.1_region	489	0	0.00	0	0
NW_022144946.1	9108	2357	0.26	0	16
NW_022144946.1_region	0	0	0.00	0	0
NW_022144947.1	9060	1681	0.19	0	10
NW_022144947.1_region	0	0	0.00	0	0
NW_022144948.1	9047	1805	0.20	0	16
NW_022144948.1_region	627	0	0.00	0	0
NW_022144949.1	9042	5958	0.66	0	89
NW_022144949.1_region	0	0	0.00	0	0
NW_022144950.1	8932	1536	0.17	0	16
NW_022144950.1_region	0	0	0.00	0	0
NW_022144951.1	8878	2714	0.31	0	22
NW_022144951.1_region	0	0	0.00	0	0
NW_022144952.1	134345	234177	1.74	0	634
NW_022144952.1_region	4213	5590	1.33	0	17
NW_022144953.1	8840	618	0.07	0	8
NW_022144953.1_region	0	0	0.00	0	0
NW_022144954.1	8825	1318	0.15	0	12
NW_022144954.1_region	468	0	0.00	0	0
NW_022144955.1	8703	2662	0.31	0	26
NW_022144955.1_region	0	0	0.00	0	0
NW_022144956.1	8644	1201	0.14	0	9
NW_022144956.1_region	0	0	0.00	0	0
NW_022144957.1	8617	2026	0.24	0	15
NW_022144957.1_region	0	0	0.00	0	0
NW_022144958.1	8592	2314	0.27	0	28
NW_022144958.1_region	0	0	0.00	0	0
NW_022144959.1	8588	1432	0.17	0	15
NW_022144959.1_region	0	0	0.00	0	0
NW_022144960.1	8539	1645	0.19	0	10
NW_022144960.1_region	0	0	0.00	0	0
NW_022144961.1	8519	1671	0.20	0	16
NW_022144961.1_region	0	0	0.00	0	0
NW_022144962.1	8514	1863	0.22	0	12
NW_022144962.1_region	0	0	0.00	0	0
NW_022144963.1	63343	407099	6.43	0	478
NW_022144963.1_region	868	41187	47.45	0	283
NW_022144964.1	8499	1394	0.16	0	18
NW_022144964.1_region	0	0	0.00	0	0
NW_022144965.1	8462	1408	0.17	0	8
NW_022144965.1_region	0	0	0.00	0	0
NW_022144966.1	8446	3170	0.38	0	18
NW_022144966.1_region	0	0	0.00	0	0
NW_022144967.1	8427	662	0.08	0	8
NW_022144967.1_region	0	0	0.00	0	0
NW_022144968.1	8371	2503	0.30	0	34
NW_022144968.1_region	0	0	0.00	0	0
NW_022144969.1	8367	3864	0.46	0	45
NW_022144969.1_region	0	0	0.00	0	0
NW_022144970.1	8351	1419	0.17	0	20
NW_022144970.1_region	987	0	0.00	0	0
NW_022144971.1	8336	2177	0.26	0	22
NW_022144971.1_region	0	0	0.00	0	0
NW_022144972.1	8298	4339	0.52	0	103
NW_022144972.1_region	0	0	0.00	0	0
NW_022144973.1	8278	1825	0.22	0	14
NW_022144973.1_region	0	0	0.00	0	0
NW_022144974.1	161611	2578804	15.96	0	3583
NW_022144974.1_region	0	0	0.00	0	0
NW_022144975.1	8272	4735	0.57	0	187
NW_022144975.1_region	995	18	0.02	0	1
NW_022144976.1	8270	961	0.12	0	16
NW_022144976.1_region	0	0	0.00	0	0
NW_022144977.1	8265	2300	0.28	0	16
NW_022144977.1_region	0	0	0.00	0	0
NW_022144978.1	8229	1536	0.19	0	20
NW_022144978.1_region	0	0	0.00	0	0
NW_022144979.1	8217	1653	0.20	0	16
NW_022144979.1_region	0	0	0.00	0	0
NW_022144980.1	8208	1917	0.23	0	14
NW_022144980.1_region	0	0	0.00	0	0
NW_022144981.1	8193	225051	27.47	0	1443
NW_022144981.1_region	0	0	0.00	0	0
NW_022144982.1	8177	10808	1.32	0	131
NW_022144982.1_region	0	0	0.00	0	0
NW_022144983.1	8151	916	0.11	0	10
NW_022144983.1_region	0	0	0.00	0	0
NW_022144984.1	8029	1490	0.19	0	14
NW_022144984.1_region	0	0	0.00	0	0
NW_022144985.1	24776	17863	0.72	0	149
NW_022144985.1_region	0	0	0.00	0	0
NW_022144986.1	8004	2398	0.30	0	26
NW_022144986.1_region	0	0	0.00	0	0
NW_022144987.1	7998	1379	0.17	0	12
NW_022144987.1_region	0	0	0.00	0	0
NW_022144988.1	7984	764	0.10	0	6
NW_022144988.1_region	0	0	0.00	0	0
NW_022144989.1	7982	1221	0.15	0	10
NW_022144989.1_region	0	0	0.00	0	0
NW_022144990.1	7899	1653	0.21	0	24
NW_022144990.1_region	0	0	0.00	0	0
NW_022144991.1	7891	1025	0.13	0	14
NW_022144991.1_region	0	0	0.00	0	0
NW_022144992.1	7805	3037	0.39	0	52
NW_022144992.1_region	0	0	0.00	0	0
NW_022144993.1	7728	1420	0.18	0	15
NW_022144993.1_region	0	0	0.00	0	0
NW_022144994.1	7684	647	0.08	0	8
NW_022144994.1_region	0	0	0.00	0	0
NW_022144995.1	7678	945	0.12	0	10
NW_022144995.1_region	0	0	0.00	0	0
NW_022144996.1	71277	174866	2.45	0	404
NW_022144996.1_region	0	0	0.00	0	0
NW_022144997.1	7613	13209	1.74	0	248
NW_022144997.1_region	0	0	0.00	0	0
NW_022144998.1	7609	1505	0.20	0	12
NW_022144998.1_region	0	0	0.00	0	0
NW_022144999.1	7608	1524	0.20	0	14
NW_022144999.1_region	0	0	0.00	0	0
NW_022145000.1	7606	1357	0.18	0	12
NW_022145000.1_region	0	0	0.00	0	0
NW_022145001.1	7549	673	0.09	0	22
NW_022145001.1_region	0	0	0.00	0	0
NW_022145002.1	7546	2647	0.35	0	38
NW_022145002.1_region	471	114	0.24	0	6
NW_022145003.1	7508	1669	0.22	0	23
NW_022145003.1_region	0	0	0.00	0	0
NW_022145004.1	7486	1507	0.20	0	16
NW_022145004.1_region	450	224	0.50	0	16
NW_022145005.1	7447	1038	0.14	0	12
NW_022145005.1_region	469	40	0.09	0	2
NW_022145006.1	7443	1556	0.21	0	12
NW_022145006.1_region	0	0	0.00	0	0
NW_022145007.1	83156	2693	0.03	0	12
NW_022145007.1_region	0	0	0.00	0	0
NW_022145008.1	7433	2394	0.32	0	20
NW_022145008.1_region	0	0	0.00	0	0
NW_022145009.1	7407	887	0.12	0	12
NW_022145009.1_region	0	0	0.00	0	0
NW_022145010.1	7379	1374	0.19	0	11
NW_022145010.1_region	0	0	0.00	0	0
NW_022145011.1	7365	1285	0.17	0	17
NW_022145011.1_region	0	0	0.00	0	0
NW_022145012.1	7323	3142	0.43	0	41
NW_022145012.1_region	0	0	0.00	0	0
NW_022145013.1	7318	1454	0.20	0	22
NW_022145013.1_region	1291	0	0.00	0	0
NW_022145014.1	7312	721	0.10	0	6
NW_022145014.1_region	0	0	0.00	0	0
NW_022145015.1	7291	1092	0.15	0	8
NW_022145015.1_region	0	0	0.00	0	0
NW_022145016.1	7291	1045	0.14	0	8
NW_022145016.1_region	531	38	0.07	0	2
NW_022145017.1	7290	1022	0.14	0	8
NW_022145017.1_region	0	0	0.00	0	0
NW_022145018.1	387561	2700921	6.97	0	2525
NW_022145018.1_region	9817	22460	2.29	0	111
NW_022145019.1	7256	636	0.09	0	6
NW_022145019.1_region	0	0	0.00	0	0
NW_022145020.1	7195	1522	0.21	0	20
NW_022145020.1_region	0	0	0.00	0	0
NW_022145021.1	7190	4951	0.69	0	18
NW_022145021.1_region	0	0	0.00	0	0
NW_022145022.1	7187	3029	0.42	0	27
NW_022145022.1_region	0	0	0.00	0	0
NW_022145023.1	7105	688	0.10	0	12
NW_022145023.1_region	0	0	0.00	0	0
NW_022145024.1	7072	683	0.10	0	6
NW_022145024.1_region	690	76	0.11	0	4
NW_022145025.1	6971	1936	0.28	0	12
NW_022145025.1_region	0	0	0.00	0	0
NW_022145026.1	6961	826	0.12	0	12
NW_022145026.1_region	0	0	0.00	0	0
NW_022145027.1	6912	1357	0.20	0	8
NW_022145027.1_region	0	0	0.00	0	0
NW_022145028.1	6909	1594	0.23	0	16
NW_022145028.1_region	0	0	0.00	0	0
NW_022145029.1	136630	436210	3.19	0	455
NW_022145029.1_region	1579	731	0.46	0	34
NW_022145030.1	6887	1939	0.28	0	68
NW_022145030.1_region	0	0	0.00	0	0
NW_022145031.1	6886	1775	0.26	0	30
NW_022145031.1_region	0	0	0.00	0	0
NW_022145032.1	6870	656	0.10	0	6
NW_022145032.1_region	0	0	0.00	0	0
NW_022145033.1	6839	1792	0.26	0	16
NW_022145033.1_region	1329	228	0.17	0	8
NW_022145034.1	6827	1946	0.29	0	21
NW_022145034.1_region	0	0	0.00	0	0
NW_022145035.1	6767	851	0.13	0	10
NW_022145035.1_region	537	82	0.15	0	4
NW_022145036.1	6748	1055	0.16	0	11
NW_022145036.1_region	0	0	0.00	0	0
NW_022145037.1	6730	4673	0.69	0	81
NW_022145037.1_region	0	0	0.00	0	0
NW_022145038.1	6694	392	0.06	0	8
NW_022145038.1_region	278	0	0.00	0	0
NW_022145039.1	6606	1465	0.22	0	10
NW_022145039.1_region	0	0	0.00	0	0
NW_022145040.1	120375	38822	0.32	0	104
NW_022145040.1_region	0	0	0.00	0	0
NW_022145041.1	6594	1763	0.27	0	24
NW_022145041.1_region	1332	36	0.03	0	10
NW_022145042.1	6590	1713	0.26	0	14
NW_022145042.1_region	0	0	0.00	0	0
NW_022145043.1	6510	2303	0.35	0	31
NW_022145043.1_region	0	0	0.00	0	0
NW_022145044.1	6461	634	0.10	0	4
NW_022145044.1_region	0	0	0.00	0	0
NW_022145045.1	6450	1867	0.29	0	19
NW_022145045.1_region	0	0	0.00	0	0
NW_022145046.1	6448	1533	0.24	0	14
NW_022145046.1_region	0	0	0.00	0	0
NW_022145047.1	6422	1197	0.19	0	12
NW_022145047.1_region	0	0	0.00	0	0
NW_022145048.1	6417	1009	0.16	0	8
NW_022145048.1_region	0	0	0.00	0	0
NW_022145049.1	6412	340	0.05	0	4
NW_022145049.1_region	0	0	0.00	0	0
NW_022145050.1	6336	1465	0.23	0	12
NW_022145050.1_region	1079	47	0.04	0	2
NW_022145051.1	69137	12257	0.18	0	16
NW_022145051.1_region	0	0	0.00	0	0
NW_022145052.1	6319	938	0.15	0	10
NW_022145052.1_region	0	0	0.00	0	0
NW_022145053.1	6318	672	0.11	0	10
NW_022145053.1_region	0	0	0.00	0	0
NW_022145054.1	6313	371	0.06	0	4
NW_022145054.1_region	0	0	0.00	0	0
NW_022145055.1	6268	101	0.02	0	2
NW_022145055.1_region	0	0	0.00	0	0
NW_022145056.1	6197	697	0.11	0	8
NW_022145056.1_region	0	0	0.00	0	0
NW_022145057.1	6184	1440	0.23	0	20
NW_022145057.1_region	1390	0	0.00	0	0
NW_022145058.1	6166	1226	0.20	0	19
NW_022145058.1_region	0	0	0.00	0	0
NW_022145059.1	6156	1128	0.18	0	16
NW_022145059.1_region	0	0	0.00	0	0
NW_022145060.1	6138	4336	0.71	0	134
NW_022145060.1_region	0	0	0.00	0	0
NW_022145061.1	6137	819	0.13	0	6
NW_022145061.1_region	0	0	0.00	0	0
NW_022145062.1	47922	9174	0.19	0	22
NW_022145062.1_region	0	0	0.00	0	0
NW_022145063.1	6118	597	0.10	0	6
NW_022145063.1_region	0	0	0.00	0	0
NW_022145064.1	6116	1224	0.20	0	10
NW_022145064.1_region	663	80	0.12	0	10
NW_022145065.1	6099	830	0.14	0	12
NW_022145065.1_region	0	0	0.00	0	0
NW_022145066.1	6082	1620	0.27	0	9
NW_022145066.1_region	0	0	0.00	0	0
NW_022145067.1	6078	1381	0.23	0	16
NW_022145067.1_region	349	0	0.00	0	0
NW_022145068.1	6067	3096	0.51	0	92
NW_022145068.1_region	0	0	0.00	0	0
NW_022145069.1	6042	1403	0.23	0	28
NW_022145069.1_region	0	0	0.00	0	0
NW_022145070.1	5912	1722	0.29	0	27
NW_022145070.1_region	0	0	0.00	0	0
NW_022145071.1	5907	1223	0.21	0	26
NW_022145071.1_region	707	20	0.03	0	2
NW_022145072.1	5903	1194	0.20	0	18
NW_022145072.1_region	0	0	0.00	0	0
NW_022145073.1	125721	220591	1.75	0	199
NW_022145073.1_region	1128	4177	3.70	0	31
NW_022145074.1	5886	1210	0.21	0	14
NW_022145074.1_region	0	0	0.00	0	0
NW_022145075.1	5854	920	0.16	0	20
NW_022145075.1_region	0	0	0.00	0	0
NW_022145076.1	5852	915	0.16	0	19
NW_022145076.1_region	0	0	0.00	0	0
NW_022145077.1	5819	736	0.13	0	10
NW_022145077.1_region	0	0	0.00	0	0
NW_022145078.1	5814	903	0.16	0	12
NW_022145078.1_region	0	0	0.00	0	0
NW_022145079.1	5721	608	0.11	0	10
NW_022145079.1_region	0	0	0.00	0	0
NW_022145080.1	5718	904	0.16	0	14
NW_022145080.1_region	0	0	0.00	0	0
NW_022145081.1	5711	1241	0.22	0	22
NW_022145081.1_region	573	160	0.28	0	8
NW_022145082.1	5699	884	0.16	0	6
NW_022145082.1_region	0	0	0.00	0	0
NW_022145083.1	5623	6505	1.16	0	40
NW_022145083.1_region	0	0	0.00	0	0
NW_022145084.1	104907	351153	3.35	0	1387
NW_022145084.1_region	0	0	0.00	0	0
NW_022145085.1	5609	5492	0.98	0	34
NW_022145085.1_region	0	0	0.00	0	0
NW_022145086.1	5578	920	0.16	0	12
NW_022145086.1_region	635	0	0.00	0	0
NW_022145087.1	5530	681	0.12	0	6
NW_022145087.1_region	0	0	0.00	0	0
NW_022145088.1	5487	177487	32.35	0	4415
NW_022145088.1_region	0	0	0.00	0	0
NW_022145089.1	5471	984	0.18	0	10
NW_022145089.1_region	0	0	0.00	0	0
NW_022145090.1	5461	760	0.14	0	10
NW_022145090.1_region	0	0	0.00	0	0
NW_022145091.1	5422	508	0.09	0	8
NW_022145091.1_region	0	0	0.00	0	0
NW_022145092.1	5321	3804	0.71	0	113
NW_022145092.1_region	0	0	0.00	0	0
NW_022145093.1	5319	932	0.18	0	8
NW_022145093.1_region	0	0	0.00	0	0
NW_022145094.1	5316	823	0.15	0	12
NW_022145094.1_region	0	0	0.00	0	0
NW_022145095.1	119971	27208	0.23	0	138
NW_022145095.1_region	0	0	0.00	0	0
NW_022145096.1	5304	654	0.12	0	9
NW_022145096.1_region	465	0	0.00	0	0
NW_022145097.1	3350	4389	1.31	0	25
NW_022145097.1_region	0	0	0.00	0	0
NW_022145098.1	5251	461078	87.81	0	880
NW_022145098.1_region	0	0	0.00	0	0
NW_022145099.1	5225	1724	0.33	0	28
NW_022145099.1_region	0	0	0.00	0	0
NW_022145100.1	5219	612	0.12	0	8
NW_022145100.1_region	0	0	0.00	0	0
NW_022145101.1	5188	1726	0.33	0	24
NW_022145101.1_region	0	0	0.00	0	0
NW_022145102.1	5187	310168	59.80	0	258
NW_022145102.1_region	0	0	0.00	0	0
NW_022145103.1	5181	534	0.10	0	16
NW_022145103.1_region	0	0	0.00	0	0
NW_022145104.1	5153	1192	0.23	0	12
NW_022145104.1_region	0	0	0.00	0	0
NW_022145105.1	5115	3454	0.68	0	52
NW_022145105.1_region	0	0	0.00	0	0
NW_022145106.1	20950	3118	0.15	0	23
NW_022145106.1_region	0	0	0.00	0	0
NW_022145107.1	5060	844	0.17	0	8
NW_022145107.1_region	0	0	0.00	0	0
NW_022145108.1	5029	1732	0.34	0	20
NW_022145108.1_region	0	0	0.00	0	0
NW_022145109.1	5000	327	0.07	0	8
NW_022145109.1_region	0	0	0.00	0	0
NW_022145110.1	4989	8348	1.67	0	412
NW_022145110.1_region	0	0	0.00	0	0
NW_022145111.1	4972	1465	0.29	0	47
NW_022145111.1_region	0	0	0.00	0	0
NW_022145112.1	4951	896	0.18	0	19
NW_022145112.1_region	0	0	0.00	0	0
NW_022145113.1	4927	280	0.06	0	4
NW_022145113.1_region	2625	114	0.04	0	4
NW_022145114.1	4917	1079	0.22	0	10
NW_022145114.1_region	0	0	0.00	0	0
NW_022145115.1	4906	2354	0.48	0	31
NW_022145115.1_region	0	0	0.00	0	0
NW_022145116.1	4896	1113	0.23	0	28
NW_022145116.1_region	0	0	0.00	0	0
NW_022145117.1	47376	40309	0.85	0	209
NW_022145117.1_region	0	0	0.00	0	0
NW_022145118.1	4884	1890	0.39	0	34
NW_022145118.1_region	0	0	0.00	0	0
NW_022145119.1	4868	577	0.12	0	6
NW_022145119.1_region	0	0	0.00	0	0
NW_022145120.1	4846	2008	0.41	0	28
NW_022145120.1_region	0	0	0.00	0	0
NW_022145121.1	4840	648	0.13	0	7
NW_022145121.1_region	0	0	0.00	0	0
NW_022145122.1	4808	730	0.15	0	14
NW_022145122.1_region	0	0	0.00	0	0
NW_022145123.1	4782	1158	0.24	0	12
NW_022145123.1_region	0	0	0.00	0	0
NW_022145124.1	4764	86	0.02	0	2
NW_022145124.1_region	0	0	0.00	0	0
NW_022145125.1	4758	3717	0.78	0	158
NW_022145125.1_region	0	0	0.00	0	0
NW_022145126.1	4727	1726	0.37	0	18
NW_022145126.1_region	0	0	0.00	0	0
NW_022145127.1	4706	1216	0.26	0	10
NW_022145127.1_region	0	0	0.00	0	0
NW_022145128.1	91882	666	0.01	0	10
NW_022145128.1_region	0	0	0.00	0	0
NW_022145129.1	2752	4070	1.48	0	50
NW_022145129.1_region	0	0	0.00	0	0
NW_022145130.1	4677	798	0.17	0	8
NW_022145130.1_region	0	0	0.00	0	0
NW_022145131.1	4671	1328	0.28	0	12
NW_022145131.1_region	0	0	0.00	0	0
NW_022145132.1	4669	728	0.16	0	10
NW_022145132.1_region	0	0	0.00	0	0
NW_022145133.1	4668	1002	0.21	0	9
NW_022145133.1_region	0	0	0.00	0	0
NW_022145134.1	4653	446	0.10	0	8
NW_022145134.1_region	717	0	0.00	0	0
NW_022145135.1	4651	2811	0.60	0	53
NW_022145135.1_region	0	0	0.00	0	0
NW_022145136.1	4645	365	0.08	0	8
NW_022145136.1_region	0	0	0.00	0	0
NW_022145137.1	4640	2521	0.54	0	38
NW_022145137.1_region	0	0	0.00	0	0
NW_022145138.1	4620	1182	0.26	0	18
NW_022145138.1_region	0	0	0.00	0	0
NW_022145139.1	94356	661311	7.01	0	1681
NW_022145139.1_region	882	16879	19.14	0	80
NW_022145140.1	4613	886	0.19	0	13
NW_022145140.1_region	0	0	0.00	0	0
NW_022145141.1	4575	295	0.06	0	5
NW_022145141.1_region	0	0	0.00	0	0
NW_022145142.1	4559	1148	0.25	0	10
NW_022145142.1_region	0	0	0.00	0	0
NW_022145143.1	4528	4592	1.01	0	43
NW_022145143.1_region	0	0	0.00	0	0
NW_022145144.1	4497	1096	0.24	0	10
NW_022145144.1_region	0	0	0.00	0	0
NW_022145145.1	4490	197	0.04	0	8
NW_022145145.1_region	0	0	0.00	0	0
NW_022145146.1	4434	1597	0.36	0	31
NW_022145146.1_region	0	0	0.00	0	0
NW_022145147.1	4423	648	0.15	0	18
NW_022145147.1_region	0	0	0.00	0	0
NW_022145148.1	4412	156	0.04	0	4
NW_022145148.1_region	0	0	0.00	0	0
NW_022145149.1	4409	52481	11.90	0	409
NW_022145149.1_region	534	8683	16.26	0	49
NW_022145150.1	68008	93884	1.38	0	332
NW_022145150.1_region	0	0	0.00	0	0
NW_022145151.1	4402	936	0.21	0	10
NW_022145151.1_region	0	0	0.00	0	0
NW_022145152.1	4394	26505	6.03	0	52
NW_022145152.1_region	532	9224	17.34	0	52
NW_022145153.1	4383	873	0.20	0	12
NW_022145153.1_region	311	0	0.00	0	0
NW_022145154.1	4376	616	0.14	0	6
NW_022145154.1_region	0	0	0.00	0	0
NW_022145155.1	4348	2381	0.55	0	14
NW_022145155.1_region	0	0	0.00	0	0
NW_022145156.1	4334	2294	0.53	0	39
NW_022145156.1_region	0	0	0.00	0	0
NW_022145157.1	4293	2710	0.63	0	82
NW_022145157.1_region	0	0	0.00	0	0
NW_022145158.1	4264	824	0.19	0	10
NW_022145158.1_region	0	0	0.00	0	0
NW_022145159.1	4175	4374	1.05	0	8
NW_022145159.1_region	0	0	0.00	0	0
NW_022145160.1	4161	353	0.08	0	6
NW_022145160.1_region	0	0	0.00	0	0
NW_022145161.1	115902	136070	1.17	0	385
NW_022145161.1_region	0	0	0.00	0	0
NW_022145162.1	4158	694	0.17	0	10
NW_022145162.1_region	0	0	0.00	0	0
NW_022145163.1	4151	940	0.23	0	12
NW_022145163.1_region	0	0	0.00	0	0
NW_022145164.1	4108	190	0.05	0	4
NW_022145164.1_region	0	0	0.00	0	0
NW_022145165.1	4090	962	0.24	0	8
NW_022145165.1_region	0	0	0.00	0	0
NW_022145166.1	4087	407	0.10	0	8
NW_022145166.1_region	0	0	0.00	0	0
NW_022145167.1	4077	173	0.04	0	3
NW_022145167.1_region	0	0	0.00	0	0
NW_022145168.1	4077	524	0.13	0	5
NW_022145168.1_region	888	46	0.05	0	2
NW_022145169.1	4076	485	0.12	0	14
NW_022145169.1_region	0	0	0.00	0	0
NW_022145170.1	4072	3215	0.79	0	18
NW_022145170.1_region	0	0	0.00	0	0
NW_022145171.1	4046	329	0.08	0	4
NW_022145171.1_region	0	0	0.00	0	0
NW_022145172.1	67843	87400	1.29	0	419
NW_022145172.1_region	0	0	0.00	0	0
NW_022145173.1	4043	337	0.08	0	9
NW_022145173.1_region	0	0	0.00	0	0
NW_022145174.1	3970	769	0.19	0	10
NW_022145174.1_region	362	0	0.00	0	0
NW_022145175.1	3944	337	0.09	0	4
NW_022145175.1_region	0	0	0.00	0	0
NW_022145176.1	3937	200	0.05	0	6
NW_022145176.1_region	0	0	0.00	0	0
NW_022145177.1	3926	615	0.16	0	14
NW_022145177.1_region	0	0	0.00	0	0
NW_022145178.1	3913	1363	0.35	0	28
NW_022145178.1_region	0	0	0.00	0	0
NW_022145179.1	3904	1319	0.34	0	40
NW_022145179.1_region	0	0	0.00	0	0
NW_022145180.1	3861	961	0.25	0	11
NW_022145180.1_region	0	0	0.00	0	0
NW_022145181.1	3845	259	0.07	0	5
NW_022145181.1_region	0	0	0.00	0	0
NW_022145182.1	3825	706	0.18	0	9
NW_022145182.1_region	0	0	0.00	0	0
NW_022145184.1	3822	137	0.04	0	2
NW_022145184.1_region	0	0	0.00	0	0
NW_022145185.1	3818	1474	0.39	0	16
NW_022145185.1_region	0	0	0.00	0	0
NW_022145186.1	3774	1241	0.33	0	12
NW_022145186.1_region	0	0	0.00	0	0
NW_022145187.1	3757	498	0.13	0	8
NW_022145187.1_region	0	0	0.00	0	0
NW_022145188.1	3756	896	0.24	0	10
NW_022145188.1_region	0	0	0.00	0	0
NW_022145189.1	1796	157	0.09	0	1
NW_022145189.1_region	0	0	0.00	0	0
NW_022145190.1	3752	398	0.11	0	4
NW_022145190.1_region	0	0	0.00	0	0
NW_022145191.1	3747	400	0.11	0	6
NW_022145191.1_region	0	0	0.00	0	0
NW_022145192.1	3728	652	0.17	0	10
NW_022145192.1_region	0	0	0.00	0	0
NW_022145193.1	3705	706	0.19	0	8
NW_022145193.1_region	0	0	0.00	0	0
NW_022145194.1	44435	78	0.00	0	2
NW_022145194.1_region	0	0	0.00	0	0
NW_022145195.1	3675	247	0.07	0	4
NW_022145195.1_region	0	0	0.00	0	0
NW_022145196.1	3656	1923	0.53	0	30
NW_022145196.1_region	0	0	0.00	0	0
NW_022145197.1	3591	185	0.05	0	4
NW_022145197.1_region	0	0	0.00	0	0
NW_022145198.1	3572	304	0.09	0	12
NW_022145198.1_region	0	0	0.00	0	0
NW_022145199.1	3560	9164	2.57	0	17
NW_022145199.1_region	0	0	0.00	0	0
NW_022145200.1	3523	2425	0.69	0	22
NW_022145200.1_region	0	0	0.00	0	0
NW_022145201.1	3516	954	0.27	0	32
NW_022145201.1_region	0	0	0.00	0	0
NW_022145202.1	3511	12853	3.66	0	46
NW_022145202.1_region	0	0	0.00	0	0
NW_022145203.1	3498	322	0.09	0	6
NW_022145203.1_region	0	0	0.00	0	0
NW_022145204.1	3481	3160	0.91	0	41
NW_022145204.1_region	881	1943	2.21	0	41
NW_022145205.1	79806	69021	0.86	0	320
NW_022145205.1_region	0	0	0.00	0	0
NW_022145206.1	3465	276	0.08	0	4
NW_022145206.1_region	0	0	0.00	0	0
NW_022145207.1	3398	12538	3.69	0	50
NW_022145207.1_region	0	0	0.00	0	0
NW_022145208.1	3377	1143	0.34	0	12
NW_022145208.1_region	0	0	0.00	0	0
NW_022145209.1	3370	6538	1.94	0	33
NW_022145209.1_region	0	0	0.00	0	0
NW_022145210.1	3355	268	0.08	0	2
NW_022145210.1_region	0	0	0.00	0	0
NW_022145211.1	3352	522	0.16	0	14
NW_022145211.1_region	259	0	0.00	0	0
NW_022145212.1	3330	12935	3.88	0	57
NW_022145212.1_region	0	0	0.00	0	0
NW_022145213.1	3323	363756	109.47	0	521
NW_022145213.1_region	0	0	0.00	0	0
NW_022145214.1	3314	6375	1.92	0	20
NW_022145214.1_region	0	0	0.00	0	0
NW_022145215.1	3309	901	0.27	0	6
NW_022145215.1_region	0	0	0.00	0	0
NW_022145216.1	46122	27132	0.59	0	178
NW_022145216.1_region	0	0	0.00	0	0
NW_022145217.1	3298	743	0.23	0	8
NW_022145217.1_region	0	0	0.00	0	0
NW_022145218.1	3258	215	0.07	0	4
NW_022145218.1_region	0	0	0.00	0	0
NW_022145219.1	3240	615	0.19	0	12
NW_022145219.1_region	0	0	0.00	0	0
NW_022145220.1	3239	3813	1.18	0	40
NW_022145220.1_region	0	0	0.00	0	0
NW_022145221.1	3235	2477	0.77	0	15
NW_022145221.1_region	0	0	0.00	0	0
NW_022145222.1	3233	2711	0.84	0	16
NW_022145222.1_region	0	0	0.00	0	0
NW_022145223.1	3216	847	0.26	0	26
NW_022145223.1_region	0	0	0.00	0	0
NW_022145224.1	3205	9947	3.10	0	24
NW_022145224.1_region	0	0	0.00	0	0
NW_022145225.1	3205	399	0.12	0	9
NW_022145225.1_region	0	0	0.00	0	0
NW_022145226.1	3194	597	0.19	0	10
NW_022145226.1_region	0	0	0.00	0	0
NW_022145227.1	47480	1094	0.02	0	21
NW_022145227.1_region	0	0	0.00	0	0
NW_022145228.1	3187	39364	12.35	0	126
NW_022145228.1_region	603	18175	30.14	0	126
NW_022145229.1	3176	304	0.10	0	6
NW_022145229.1_region	0	0	0.00	0	0
NW_022145230.1	3167	16153	5.10	0	57
NW_022145230.1_region	0	0	0.00	0	0
NW_022145231.1	3161	271	0.09	0	4
NW_022145231.1_region	0	0	0.00	0	0
NW_022145232.1	3157	502	0.16	0	18
NW_022145232.1_region	0	0	0.00	0	0
NW_022145233.1	3154	22332	7.08	0	149
NW_022145233.1_region	0	0	0.00	0	0
NW_022145234.1	3141	86	0.03	0	2
NW_022145234.1_region	0	0	0.00	0	0
NW_022145235.1	3124	24608	7.88	0	79
NW_022145235.1_region	0	0	0.00	0	0
NW_022145236.1	3116	846	0.27	0	12
NW_022145236.1_region	0	0	0.00	0	0
NW_022145237.1	3114	19577	6.29	0	68
NW_022145237.1_region	0	0	0.00	0	0
NW_022145238.1	45709	3384	0.07	0	11
NW_022145238.1_region	0	0	0.00	0	0
NW_022145239.1	3091	808	0.26	0	16
NW_022145239.1_region	0	0	0.00	0	0
NW_022145240.1	3085	1004	0.33	0	15
NW_022145240.1_region	0	0	0.00	0	0
NW_022145241.1	3074	14697	4.78	0	120
NW_022145241.1_region	0	0	0.00	0	0
NW_022145242.1	3062	139	0.05	0	2
NW_022145242.1_region	0	0	0.00	0	0
NW_022145243.1	3046	736	0.24	0	18
NW_022145243.1_region	0	0	0.00	0	0
NW_022145244.1	3045	922	0.30	0	17
NW_022145244.1_region	0	0	0.00	0	0
NW_022145245.1	3020	400	0.13	0	6
NW_022145245.1_region	0	0	0.00	0	0
NW_022145246.1	3009	775	0.26	0	21
NW_022145246.1_region	0	0	0.00	0	0
NW_022145247.1	2958	1964	0.66	0	8
NW_022145247.1_region	0	0	0.00	0	0
NW_022145248.1	2949	1067	0.36	0	25
NW_022145248.1_region	0	0	0.00	0	0
NW_022145249.1	29338	9827	0.33	0	37
NW_022145249.1_region	0	0	0.00	0	0
NW_022145250.1	2946	481	0.16	0	12
NW_022145250.1_region	0	0	0.00	0	0
NW_022145251.1	2939	8588	2.92	0	66
NW_022145251.1_region	0	0	0.00	0	0
NW_022145252.1	2904	1087	0.37	0	40
NW_022145252.1_region	0	0	0.00	0	0
NW_022145253.1	2889	179546	62.15	0	595
NW_022145253.1_region	0	0	0.00	0	0
NW_022145254.1	2888	953	0.33	0	14
NW_022145254.1_region	0	0	0.00	0	0
NW_022145255.1	2888	222407	77.01	0	945
NW_022145255.1_region	0	0	0.00	0	0
NW_022145256.1	2876	9080	3.16	0	42
NW_022145256.1_region	0	0	0.00	0	0
NW_022145257.1	2866	1607	0.56	0	58
NW_022145257.1_region	0	0	0.00	0	0
NW_022145258.1	2861	710	0.25	0	12
NW_022145258.1_region	0	0	0.00	0	0
NW_022145259.1	1344	5200	3.87	0	38
NW_022145259.1_region	0	0	0.00	0	0
NW_022145260.1	47144	8210	0.17	0	48
NW_022145260.1_region	0	0	0.00	0	0
NW_022145261.1	2843	252	0.09	0	6
NW_022145261.1_region	0	0	0.00	0	0
NW_022145262.1	2822	447	0.16	0	8
NW_022145262.1_region	0	0	0.00	0	0
NW_022145263.1	2787	171	0.06	0	6
NW_022145263.1_region	0	0	0.00	0	0
NW_022145264.1	2772	221	0.08	0	2
NW_022145264.1_region	0	0	0.00	0	0
NW_022145265.1	2767	190	0.07	0	10
NW_022145265.1_region	0	0	0.00	0	0
NW_022145266.1	2759	241	0.09	0	3
NW_022145266.1_region	0	0	0.00	0	0
NW_022145267.1	2749	28868	10.50	0	170
NW_022145267.1_region	0	0	0.00	0	0
NW_022145268.1	2741	413	0.15	0	8
NW_022145268.1_region	0	0	0.00	0	0
NW_022145269.1	2728	790	0.29	0	12
NW_022145269.1_region	0	0	0.00	0	0
NW_022145270.1	2717	238	0.09	0	4
NW_022145270.1_region	0	0	0.00	0	0
NW_022145271.1	63049	19290	0.31	0	54
NW_022145271.1_region	0	0	0.00	0	0
NW_022145272.1	2707	3401	1.26	0	37
NW_022145272.1_region	0	0	0.00	0	0
NW_022145273.1	2703	670	0.25	0	8
NW_022145273.1_region	0	0	0.00	0	0
NW_022145275.1	2658	500	0.19	0	12
NW_022145275.1_region	0	0	0.00	0	0
NW_022145276.1	2639	230	0.09	0	4
NW_022145276.1_region	0	0	0.00	0	0
NW_022145277.1	2636	770	0.29	0	10
NW_022145277.1_region	0	0	0.00	0	0
NW_022145278.1	2628	206	0.08	0	4
NW_022145278.1_region	0	0	0.00	0	0
NW_022145279.1	2612	325	0.12	0	4
NW_022145279.1_region	0	0	0.00	0	0
NW_022145280.1	2578	18819	7.30	0	113
NW_022145280.1_region	0	0	0.00	0	0
NW_022145281.1	2532	266	0.11	0	8
NW_022145281.1_region	0	0	0.00	0	0
NW_022145282.1	32392	38	0.00	0	2
NW_022145282.1_region	0	0	0.00	0	0
NW_022145283.1	2515	5549	2.21	0	32
NW_022145283.1_region	0	0	0.00	0	0
NW_022145284.1	2502	508	0.20	0	10
NW_022145284.1_region	0	0	0.00	0	0
NW_022145285.1	2496	38	0.02	0	2
NW_022145285.1_region	0	0	0.00	0	0
NW_022145286.1	2435	75835	31.14	0	374
NW_022145286.1_region	0	0	0.00	0	0
NW_022145287.1	2428	116	0.05	0	4
NW_022145287.1_region	0	0	0.00	0	0
NW_022145288.1	2392	712	0.30	0	14
NW_022145288.1_region	0	0	0.00	0	0
NW_022145289.1	2386	140	0.06	0	3
NW_022145289.1_region	0	0	0.00	0	0
NW_022145290.1	2275	259	0.11	0	4
NW_022145290.1_region	0	0	0.00	0	0
NW_022145291.1	2256	266	0.12	0	6
NW_022145291.1_region	0	0	0.00	0	0
NW_022145292.1	2232	637	0.29	0	10
NW_022145292.1_region	0	0	0.00	0	0
NW_022145293.1	59163	18710	0.32	0	82
NW_022145293.1_region	0	0	0.00	0	0
NW_022145295.1	2226	4168	1.87	0	26
NW_022145295.1_region	0	0	0.00	0	0
NW_022145296.1	2220	465	0.21	0	18
NW_022145296.1_region	0	0	0.00	0	0
NW_022145297.1	2217	48139	21.71	0	391
NW_022145297.1_region	0	0	0.00	0	0
NW_022145298.1	2213	358	0.16	0	4
NW_022145298.1_region	0	0	0.00	0	0
NW_022145299.1	2192	310	0.14	0	6
NW_022145299.1_region	0	0	0.00	0	0
NW_022145300.1	2175	880	0.40	0	18
NW_022145300.1_region	0	0	0.00	0	0
NW_022145301.1	2168	9951	4.59	0	100
NW_022145301.1_region	0	0	0.00	0	0
NW_022145302.1	2157	50236	23.29	0	176
NW_022145302.1_region	0	0	0.00	0	0
NW_022145303.1	2145	168	0.08	0	4
NW_022145303.1_region	0	0	0.00	0	0
NW_022145304.1	32983	3381	0.10	0	36
NW_022145304.1_region	0	0	0.00	0	0
NW_022145305.1	2135	304	0.14	0	6
NW_022145305.1_region	0	0	0.00	0	0
NW_022145306.1	2133	246	0.12	0	2
NW_022145306.1_region	0	0	0.00	0	0
NW_022145307.1	2129	291	0.14	0	4
NW_022145307.1_region	0	0	0.00	0	0
NW_022145308.1	2118	2034	0.96	0	42
NW_022145308.1_region	306	157	0.51	0	4
NW_022145309.1	2105	1195	0.57	0	34
NW_022145309.1_region	0	0	0.00	0	0
NW_022145310.1	2099	299	0.14	0	4
NW_022145310.1_region	0	0	0.00	0	0
NW_022145311.1	2070	1327	0.64	0	15
NW_022145311.1_region	0	0	0.00	0	0
NW_022145312.1	2062	31155	15.11	0	106
NW_022145312.1_region	0	0	0.00	0	0
NW_022145313.1	2059	343	0.17	0	11
NW_022145313.1_region	0	0	0.00	0	0
NW_022145314.1	2052	76	0.04	0	2
NW_022145314.1_region	0	0	0.00	0	0
NW_022145315.1	56963	31115	0.55	0	112
NW_022145315.1_region	0	0	0.00	0	0
NW_022145316.1	2045	346	0.17	0	10
NW_022145316.1_region	0	0	0.00	0	0
NW_022145317.1	2026	538	0.27	0	12
NW_022145317.1_region	0	0	0.00	0	0
NW_022145318.1	1994	4738	2.38	0	21
NW_022145318.1_region	0	0	0.00	0	0
NW_022145319.1	1994	1490	0.75	0	6
NW_022145319.1_region	0	0	0.00	0	0
NW_022145320.1	1992	76	0.04	0	2
NW_022145320.1_region	0	0	0.00	0	0
NW_022145321.1	1988	571	0.29	0	10
NW_022145321.1_region	0	0	0.00	0	0
NW_022145322.1	1981	350	0.18	0	8
NW_022145322.1_region	0	0	0.00	0	0
NW_022145323.1	1965	7236	3.68	0	25
NW_022145323.1_region	0	0	0.00	0	0
NW_022145324.1	1960	3549	1.81	0	19
NW_022145324.1_region	329	2116	6.43	0	19
NW_022145325.1	1946	220	0.11	0	4
NW_022145325.1_region	0	0	0.00	0	0
NW_022145326.1	57626	2482	0.04	0	7
NW_022145326.1_region	0	0	0.00	0	0
NW_022145327.1	1943	9914	5.10	0	115
NW_022145327.1_region	0	0	0.00	0	0
NW_022145328.1	1939	359	0.19	0	8
NW_022145328.1_region	0	0	0.00	0	0
NW_022145329.1	1929	6054	3.14	0	35
NW_022145329.1_region	0	0	0.00	0	0
NW_022145330.1	1926	388	0.20	0	14
NW_022145330.1_region	0	0	0.00	0	0
NW_022145331.1	1861	28365	15.24	0	59
NW_022145331.1_region	0	0	0.00	0	0
NW_022145332.1	1839	3605	1.96	0	49
NW_022145332.1_region	0	0	0.00	0	0
NW_022145333.1	1835	14695	8.01	0	700
NW_022145333.1_region	0	0	0.00	0	0
NW_022145334.1	1833	193	0.11	0	5
NW_022145334.1_region	1167	38	0.03	0	2
NW_022145335.1	1806	32848	18.19	0	115
NW_022145335.1_region	0	0	0.00	0	0
NW_022145336.1	1754	1917	1.09	0	12
NW_022145336.1_region	0	0	0.00	0	0
NW_022145337.1	54544	13714	0.25	0	31
NW_022145337.1_region	0	0	0.00	0	0
NW_022145338.1	1727	921	0.53	0	26
NW_022145338.1_region	0	0	0.00	0	0
NW_022145339.1	1708	491	0.29	0	8
NW_022145339.1_region	0	0	0.00	0	0
NW_022145340.1	1659	298	0.18	0	8
NW_022145340.1_region	0	0	0.00	0	0
NW_022145341.1	1599	40	0.03	0	2
NW_022145341.1_region	0	0	0.00	0	0
NW_022145342.1	1579	199	0.13	0	6
NW_022145342.1_region	0	0	0.00	0	0
NW_022145343.1	1570	447	0.28	0	10
NW_022145343.1_region	0	0	0.00	0	0
NW_022145345.1	1540	6365	4.13	0	56
NW_022145345.1_region	0	0	0.00	0	0
NW_022145346.1	1528	63	0.04	0	2
NW_022145346.1_region	0	0	0.00	0	0
NW_022145347.1	1523	156703	102.89	0	848
NW_022145347.1_region	0	0	0.00	0	0
NW_022145348.1	76140	107685	1.41	0	180
NW_022145348.1_region	0	0	0.00	0	0
NW_022145349.1	1511	880	0.58	0	10
NW_022145349.1_region	0	0	0.00	0	0
NW_022145350.1	1492	474	0.32	0	9
NW_022145350.1_region	0	0	0.00	0	0
NW_022145351.1	1491	316	0.21	0	14
NW_022145351.1_region	0	0	0.00	0	0
NW_022145352.1	1490	370	0.25	0	10
NW_022145352.1_region	0	0	0.00	0	0
NW_022145353.1	1486	144	0.10	0	6
NW_022145353.1_region	1050	124	0.12	0	6
NW_022145354.1	1479	190	0.13	0	6
NW_022145354.1_region	0	0	0.00	0	0
NW_022145355.1	1460	306	0.21	0	6
NW_022145355.1_region	0	0	0.00	0	0
NW_022145356.1	1428	102	0.07	0	2
NW_022145356.1_region	0	0	0.00	0	0
NW_022145357.1	1387	479	0.35	0	6
NW_022145357.1_region	0	0	0.00	0	0
NW_022145358.1	1384	1137	0.82	0	7
NW_022145358.1_region	0	0	0.00	0	0
NW_022145359.1	60007	25661	0.43	0	122
NW_022145359.1_region	0	0	0.00	0	0
NW_022145360.1	1362	11744	8.62	0	46
NW_022145360.1_region	0	0	0.00	0	0
NW_022145361.1	1362	818	0.60	0	18
NW_022145361.1_region	0	0	0.00	0	0
NW_022145362.1	1300	76	0.06	0	2
NW_022145362.1_region	0	0	0.00	0	0
NW_022145363.1	1277	4845	3.79	0	15
NW_022145363.1_region	0	0	0.00	0	0
NW_022145364.1	1265	1208	0.95	0	25
NW_022145364.1_region	0	0	0.00	0	0
NW_022145365.1	1255	2289	1.82	0	7
NW_022145365.1_region	0	0	0.00	0	0
NW_022145366.1	1254	1471	1.17	0	5
NW_022145366.1_region	0	0	0.00	0	0
NW_022145367.1	1154	410	0.36	0	5
NW_022145367.1_region	0	0	0.00	0	0
NW_022145368.1	1142	271	0.24	0	4
NW_022145368.1_region	0	0	0.00	0	0
NW_022145369.1	1099	2861	2.60	0	23
NW_022145369.1_region	0	0	0.00	0	0
NW_022145370.1	74314	10554	0.14	0	45
NW_022145370.1_region	0	0	0.00	0	0
NW_022145371.1	1072	997	0.93	0	6
NW_022145371.1_region	0	0	0.00	0	0
NW_022145372.1	1035	2246	2.17	0	16
NW_022145372.1_region	0	0	0.00	0	0
NW_022145373.1	1007	398	0.40	0	16
NW_022145373.1_region	0	0	0.00	0	0
NW_022145374.1	1000	790	0.79	0	14
NW_022145374.1_region	0	0	0.00	0	0
NW_022145375.1	10000	11417	1.14	0	31
NW_022145375.1_region	0	0	0.00	0	0
NW_022145376.1	25000	950811	38.03	0	902
NW_022145376.1_region	1591	16633	10.45	0	112
NW_022145377.1	50000	226035	4.52	0	413
NW_022145377.1_region	612	14214	23.23	0	115
NW_022145378.1	26863	2650	0.10	0	12
NW_022145378.1_region	0	0	0.00	0	0
NW_022145379.1	23852	3336	0.14	0	26
NW_022145379.1_region	1275	0	0.00	0	0
NW_022145380.1	23611	6254	0.26	0	28
NW_022145380.1_region	1430	32	0.02	0	4
NW_022145381.1	55218	8375	0.15	0	30
NW_022145381.1_region	0	0	0.00	0	0
NW_022145382.1	23435	4422	0.19	0	20
NW_022145382.1_region	0	0	0.00	0	0
NW_022145383.1	21401	2373	0.11	0	12
NW_022145383.1_region	0	0	0.00	0	0
NW_022145384.1	19291	4905	0.25	0	29
NW_022145384.1_region	0	0	0.00	0	0
NW_022145385.1	18791	4547	0.24	0	22
NW_022145385.1_region	0	0	0.00	0	0
NW_022145386.1	18617	2488	0.13	0	10
NW_022145386.1_region	0	0	0.00	0	0
NW_022145387.1	17981	3687	0.21	0	20
NW_022145387.1_region	0	0	0.00	0	0
NW_022145388.1	17946	17460	0.97	0	190
NW_022145388.1_region	0	0	0.00	0	0
NW_022145389.1	17857	4712	0.26	0	34
NW_022145389.1_region	0	0	0.00	0	0
NW_022145390.1	21857	6534	0.30	0	54
NW_022145390.1_region	589	105	0.18	0	5
NW_022145391.1	33930	13092	0.39	0	142
NW_022145391.1_region	0	0	0.00	0	0
NW_022145392.1	88843	826	0.01	0	6
NW_022145392.1_region	0	0	0.00	0	0
NW_022145393.1	22373	6765	0.30	0	16
NW_022145393.1_region	0	0	0.00	0	0
NW_022145394.1	20846	12293	0.59	0	255
NW_022145394.1_region	0	0	0.00	0	0
NW_022145395.1	18089	3218	0.18	0	32
NW_022145395.1_region	1125	339	0.30	0	17
NW_022145396.1	15624	5922	0.38	0	33
NW_022145396.1_region	0	0	0.00	0	0
NW_022145397.1	15314	2115	0.14	0	12
NW_022145397.1_region	3172	0	0.00	0	0
NW_022145398.1	146455	79	0.00	0	1
NW_022145398.1_region	0	0	0.00	0	0
NW_022145399.1	17799	2514	0.14	0	16
NW_022145399.1_region	0	0	0.00	0	0
NW_022145400.1	17257	3023	0.18	0	22
NW_022145400.1_region	1338	0	0.00	0	0
NW_022145401.1	16486	4273	0.26	0	21
NW_022145401.1_region	573	0	0.00	0	0
NW_022145402.1	15178	5250	0.35	0	47
NW_022145402.1_region	0	0	0.00	0	0
NW_022145403.1	45037	114	0.00	0	6
NW_022145403.1_region	0	0	0.00	0	0
NW_022145404.1	57045	506	0.01	0	7
NW_022145404.1_region	0	0	0.00	0	0
NW_022145405.1	22053	5411	0.25	0	34
NW_022145405.1_region	0	0	0.00	0	0
NW_022145406.1	43925	9396	0.21	0	32
NW_022145406.1_region	0	0	0.00	0	0
NW_022145407.1	24217	8270	0.34	0	86
NW_022145407.1_region	5022	0	0.00	0	0
NW_022145408.1	16015	6550	0.41	0	87
NW_022145408.1_region	0	0	0.00	0	0
NW_022145409.1	71395	12918	0.18	0	29
NW_022145409.1_region	0	0	0.00	0	0
NW_022145410.1	73525	2327964	31.66	0	192
NW_022145410.1_region	0	0	0.00	0	0
NW_022145411.1	16065	6863	0.43	0	40
NW_022145411.1_region	740	108	0.15	0	4
NW_022145412.1	20205	5363	0.27	0	96
NW_022145412.1_region	0	0	0.00	0	0
NW_022145413.1	31795	1699	0.05	0	13
NW_022145413.1_region	0	0	0.00	0	0
NW_022145414.1	15341	4037	0.26	0	62
NW_022145414.1_region	0	0	0.00	0	0
NW_022145415.1	60355	1741	0.03	0	11
NW_022145415.1_region	0	0	0.00	0	0
NW_022145416.1	16986	7599	0.45	0	62
NW_022145416.1_region	1207	151	0.13	0	9
NW_022145417.1	51512	197	0.00	0	4
NW_022145417.1_region	0	0	0.00	0	0
NW_022145418.1	17001	14143	0.83	0	498
NW_022145418.1_region	0	0	0.00	0	0
NW_022145419.1	67720	234945	3.47	0	853
NW_022145419.1_region	2640	4945	1.87	0	27
NW_022145420.1	35402	167	0.00	0	4
NW_022145420.1_region	0	0	0.00	0	0
NW_022145421.1	23454	5438	0.23	0	52
NW_022145421.1_region	1191	0	0.00	0	0
NW_022145422.1	78273	12697	0.16	0	41
NW_022145422.1_region	0	0	0.00	0	0
NW_022145423.1	126508	433	0.00	0	9
NW_022145423.1_region	0	0	0.00	0	0
NW_022145424.1	62776	13641	0.22	0	53
NW_022145424.1_region	0	0	0.00	0	0
NW_022145425.1	30360	209	0.01	0	8
NW_022145425.1_region	0	0	0.00	0	0
NW_022145426.1	79185	4391	0.06	0	8
NW_022145426.1_region	0	0	0.00	0	0
NW_022145427.1	152116	12912	0.08	0	25
NW_022145427.1_region	10674	996	0.09	0	18
NW_022145428.1	65691	424438	6.46	0	1886
NW_022145428.1_region	0	0	0.00	0	0
NW_022145429.1	66232	332835	5.03	0	1531
NW_022145429.1_region	919	6717	7.31	0	24
NW_022145430.1	42199	24955	0.59	0	174
NW_022145430.1_region	0	0	0.00	0	0
NW_022145431.1	56568	569963	10.08	0	778
NW_022145431.1_region	3939	65108	16.53	0	83
NW_022145432.1	111484	84890	0.76	0	87
NW_022145432.1_region	0	0	0.00	0	0
NW_022145433.1	30854	97262	3.15	0	777
NW_022145433.1_region	0	0	0.00	0	0
NW_022145434.1	18775	7160	0.38	0	48
NW_022145434.1_region	0	0	0.00	0	0
NW_022145435.1	122365	482807	3.95	0	456
NW_022145435.1_region	0	0	0.00	0	0
NW_022145436.1	31453	216	0.01	0	4
NW_022145436.1_region	0	0	0.00	0	0
NW_022145437.1	105348	236470	2.24	0	443
NW_022145437.1_region	1621	7728	4.77	0	48
NW_022145438.1	53375	233280	4.37	0	924
NW_022145438.1_region	0	0	0.00	0	0
NW_022145439.1	77972	426565	5.47	0	306
NW_022145439.1_region	0	0	0.00	0	0
NW_022145440.1	82617	738949	8.94	0	252
NW_022145440.1_region	0	0	0.00	0	0
NW_022145441.1	62133	201417	3.24	0	908
NW_022145441.1_region	0	0	0.00	0	0
NW_022145442.1	41935	4763	0.11	0	18
NW_022145442.1_region	0	0	0.00	0	0
NW_022145443.1	40287	963977	23.93	0	8829
NW_022145443.1_region	0	0	0.00	0	0
NW_022145444.1	25197	3147	0.12	0	9
NW_022145444.1_region	0	0	0.00	0	0
NW_022145445.1	64732	12577	0.19	0	32
NW_022145445.1_region	0	0	0.00	0	0
NW_022145446.1	65218	521695	8.00	0	348
NW_022145446.1_region	0	0	0.00	0	0
NW_022145447.1	15922	8048	0.51	0	57
NW_022145447.1_region	0	0	0.00	0	0
NW_022145448.1	107340	4466	0.04	0	18
NW_022145448.1_region	0	0	0.00	0	0
NW_022145449.1	63868	61	0.00	0	2
NW_022145449.1_region	0	0	0.00	0	0
NW_022145450.1	33901	420	0.01	0	14
NW_022145450.1_region	0	0	0.00	0	0
NW_022145451.1	25217	38	0.00	0	2
NW_022145451.1_region	0	0	0.00	0	0
NW_022145452.1	61174	2161	0.04	0	21
NW_022145452.1_region	0	0	0.00	0	0
NW_022145453.1	70260	3971	0.06	0	13
NW_022145453.1_region	0	0	0.00	0	0
NW_022145454.1	46400	13519	0.29	0	110
NW_022145454.1_region	0	0	0.00	0	0
NW_022145455.1	47120	46	0.00	0	1
NW_022145455.1_region	0	0	0.00	0	0
NW_022145456.1	130804	1377499	10.53	0	3393
NW_022145456.1_region	4653	22490	4.83	0	83
NW_022145457.1	100977	1677569	16.61	0	2196
NW_022145457.1_region	6696	19843	2.96	0	47
NW_022145458.1	16456	4086	0.25	0	67
NW_022145458.1_region	0	0	0.00	0	0
NW_022145459.1	25000	82325	3.29	0	145
NW_022145459.1_region	0	0	0.00	0	0
NW_022145460.1	50000	153936	3.08	0	315
NW_022145460.1_region	650	2747	4.23	0	44
NW_022145461.1	50000	679484	13.59	0	691
NW_022145461.1_region	3013	122707	40.73	0	134
NW_022145462.1	50000	1669218	33.38	0	2518
NW_022145462.1_region	8349	443917	53.17	0	1164
NW_022145463.1	50000	768050	15.36	0	971
NW_022145463.1_region	1710	25522	14.93	0	132
NW_022145464.1	50000	883354	17.67	0	1933
NW_022145464.1_region	1987	22221	11.18	0	91
NW_022145465.1	15000	160067	10.67	0	174
NW_022145465.1_region	2130	42728	20.06	0	147
NW_022145466.1	5000	243	0.05	0	6
NW_022145466.1_region	0	0	0.00	0	0
NW_022145467.1	25000	88333	3.53	0	251
NW_022145467.1_region	854	6973	8.17	0	24
NW_022145468.1	25000	114	0.00	0	2
NW_022145468.1_region	0	0	0.00	0	0
NW_022145469.1	86957	41034	0.47	0	145
NW_022145469.1_region	0	0	0.00	0	0
NW_022145470.1	5000	10644	2.13	0	83
NW_022145470.1_region	0	0	0.00	0	0
NW_022145471.1	25000	115518	4.62	0	136
NW_022145471.1_region	0	0	0.00	0	0
NW_022145472.1	25000	97256	3.89	0	302
NW_022145472.1_region	0	0	0.00	0	0
NW_022145473.1	25000	4560	0.18	0	40
NW_022145473.1_region	0	0	0.00	0	0
NW_022145474.1	25000	671832	26.87	0	1631
NW_022145474.1_region	4583	21642	4.72	0	443
NW_022145476.1	50000	238458	4.77	0	197
NW_022145476.1_region	5958	12427	2.09	0	15
NW_022145477.1	25000	235167	9.41	0	196
NW_022145477.1_region	1769	66578	37.64	0	196
NW_022145478.1	50000	273093	5.46	0	237
NW_022145478.1_region	1912	187724	98.18	0	237
NW_022145479.1	5000	88130	17.63	0	334
NW_022145479.1_region	0	0	0.00	0	0
NW_022145480.1	15847	3926	0.25	0	24
NW_022145480.1_region	0	0	0.00	0	0
NW_022145481.1	25000	255773	10.23	0	220
NW_022145481.1_region	1828	116600	63.79	0	133
NW_022145482.1	25000	230682	9.23	0	170
NW_022145482.1_region	6670	107417	16.10	0	170
NW_022145483.1	25000	142165	5.69	0	348
NW_022145483.1_region	0	0	0.00	0	0
NW_022145484.1	5000	2036	0.41	0	16
NW_022145484.1_region	1920	522	0.27	0	16
NW_022145485.1	5000	350	0.07	0	2
NW_022145485.1_region	0	0	0.00	0	0
NW_022145486.1	5000	20687	4.14	0	187
NW_022145486.1_region	0	0	0.00	0	0
NW_022145487.1	50000	628721	12.57	0	585
NW_022145487.1_region	5526	314423	56.90	0	169
NW_022145488.1	40000	114	0.00	0	4
NW_022145488.1_region	0	0	0.00	0	0
NW_022145489.1	25000	234728	9.39	0	231
NW_022145489.1_region	4981	156709	31.46	0	231
NW_022145490.1	50000	503301	10.07	0	1380
NW_022145490.1_region	0	0	0.00	0	0
NW_022145491.1	115136	109	0.00	0	4
NW_022145491.1_region	0	0	0.00	0	0
NW_022145492.1	50000	80139	1.60	0	336
NW_022145492.1_region	538	9029	16.78	0	40
NW_022145493.1	50000	310749	6.21	0	486
NW_022145493.1_region	1727	62337	36.10	0	127
NW_022145494.1	25000	162201	6.49	0	327
NW_022145494.1_region	0	0	0.00	0	0
NW_022145495.1	50000	926283	18.53	0	2654
NW_022145495.1_region	0	0	0.00	0	0
NW_022145496.1	25000	144281	5.77	0	251
NW_022145496.1_region	3257	40005	12.28	0	77
NW_022145497.1	25000	39372	1.57	0	127
NW_022145497.1_region	0	0	0.00	0	0
NW_022145498.1	25000	700963	28.04	0	409
NW_022145498.1_region	2020	267633	132.49	0	409
NW_022145499.1	50000	2330138	46.60	0	8399
NW_022145499.1_region	2727	255586	93.72	0	531
NW_022145500.1	25000	71675	2.87	0	432
NW_022145500.1_region	0	0	0.00	0	0
NW_022145501.1	25000	225735	9.03	0	428
NW_022145501.1_region	0	0	0.00	0	0
NW_022145502.1	61323	51480	0.84	0	1228
NW_022145502.1_region	0	0	0.00	0	0
NW_022145503.1	25000	131283	5.25	0	1075
NW_022145503.1_region	0	0	0.00	0	0
NW_022145504.1	25000	155833	6.23	0	165
NW_022145504.1_region	818	26817	32.78	0	110
NW_022145505.1	25000	230	0.01	0	3
NW_022145505.1_region	0	0	0.00	0	0
NW_022145506.1	50000	426981	8.54	0	692
NW_022145506.1_region	5037	71189	14.13	0	83
NW_022145507.1	240000	697764	2.91	0	3778
NW_022145507.1_region	27118	10672	0.39	0	36
NW_022145508.1	256744	884167	3.44	0	282
NW_022145508.1_region	10955	422848	38.60	0	187
NW_022145509.1	50000	501736	10.03	0	908
NW_022145509.1_region	5447	130518	23.96	0	81
NW_022145510.1	50000	752651	15.05	0	356
NW_022145510.1_region	4232	397447	93.91	0	255
NW_022145511.1	125000	915964	7.33	0	1111
NW_022145511.1_region	956	27218	28.47	2	78
NW_022145512.1	264514	954328	3.61	0	2277
NW_022145512.1_region	12524	37815	3.02	0	70
NW_022145513.1	15455	1901	0.12	0	22
NW_022145513.1_region	0	0	0.00	0	0
NW_022145514.1	1221726	20508925	16.79	0	3829
NW_022145514.1_region	109282	5143307	47.06	0	356
NW_022145515.1	446053	5324681	11.94	0	1894
NW_022145515.1_region	26078	921985	35.35	0	364
NW_022145516.1	1773824	26514423	14.95	0	18910
NW_022145516.1_region	80432	2964485	36.86	0	2076
NW_022145517.1	410634	5561628	13.54	0	2469
NW_022145517.1_region	36382	1277270	35.11	0	244
NW_022145518.1	296294	3718358	12.55	0	1806
NW_022145518.1_region	33611	811487	24.14	0	197
NW_022145519.1	501666	9058790	18.06	0	11728
NW_022145519.1_region	63098	2371827	37.59	0	951
NW_022145520.1	2604766	43682218	16.77	0	17427
NW_022145520.1_region	212256	7295805	34.37	0	560
NW_022145521.1	834627	10885911	13.04	0	3339
NW_022145521.1_region	62510	1913820	30.62	0	350
NW_022145522.1	601000	7850602	13.06	0	5491
NW_022145522.1_region	57876	1275252	22.03	0	372
NW_022145523.1	367191	4625897	12.60	0	1060
NW_022145523.1_region	27941	751187	26.88	0	182
NW_022145524.1	25673	34988	1.36	0	252
NW_022145524.1_region	1236	38	0.03	0	2
NW_022145525.1	496028	6823033	13.76	0	4531
NW_022145525.1_region	64256	2054111	31.97	0	4531
NW_022145526.1	2368880	58480224	24.69	0	58996
NW_022145526.1_region	177085	5491882	31.01	0	1895
NW_022145527.1	766201	10488684	13.69	0	3867
NW_022145527.1_region	97046	2906924	29.95	0	232
NW_022145528.1	991221	16722534	16.87	0	12886
NW_022145528.1_region	65731	2923346	44.47	0	365
NW_022145529.1	437458	4416830	10.10	0	7732
NW_022145529.1_region	31770	584490	18.40	0	411
NW_022145530.1	684040	12687624	18.55	0	11246
NW_022145530.1_region	68328	2779718	40.68	0	522
NW_022145531.1	219183	2917963	13.31	0	2878
NW_022145531.1_region	23455	558440	23.81	0	222
NW_022145532.1	1289379	16488334	12.79	0	5575
NW_022145532.1_region	144914	3018546	20.83	0	588
NW_022145533.1	364073	7634944	20.97	0	4968
NW_022145533.1_region	43169	925268	21.43	0	273
NW_022145534.1	1128541	17254544	15.29	0	7659
NW_022145534.1_region	98475	3194439	32.44	0	277
NW_022145535.1	17605	3818	0.22	0	14
NW_022145535.1_region	0	0	0.00	0	0
NW_022145536.1	139137	815245	5.86	0	300
NW_022145536.1_region	8764	289249	33.00	0	300
NW_022145537.1	426703	5734084	13.44	0	5363
NW_022145537.1_region	41974	1368063	32.59	0	292
NW_022145538.1	583819	6217919	10.65	0	1548
NW_022145538.1_region	59943	1354800	22.60	0	262
NW_022145539.1	1685109	27886490	16.55	0	11746
NW_022145539.1_region	134438	4124291	30.68	0	829
NW_022145540.1	549706	7694278	14.00	0	847
NW_022145540.1_region	89642	3393028	37.85	0	377
NW_022145541.1	1073309	14857763	13.84	0	4202
NW_022145541.1_region	80966	2667917	32.95	0	568
NW_022145542.1	1383299	18134572	13.11	0	6672
NW_022145542.1_region	137462	2793118	20.32	0	279
NW_022145543.1	1596249	21581047	13.52	0	6701
NW_022145543.1_region	159260	4502878	28.27	0	534
NW_022145544.1	2048326	30354267	14.82	0	2942
NW_022145544.1_region	218318	7167088	32.83	0	897
NW_022145545.1	1678063	23210141	13.83	0	1933
NW_022145545.1_region	224261	7793767	34.75	0	1079
NW_022145546.1	53450	225	0.00	0	6
NW_022145546.1_region	0	0	0.00	0	0
NW_022145547.1	2234538	29441272	13.18	0	7037
NW_022145547.1_region	219929	5755605	26.17	0	858
NW_022145548.1	722242	9399409	13.01	0	4870
NW_022145548.1_region	64020	2160721	33.75	0	302
NW_022145549.1	1791521	24877056	13.89	0	6090
NW_022145549.1_region	126550	4690318	37.06	0	1703
NW_022145550.1	1496376	15404479	10.29	0	3099
NW_022145550.1_region	125726	3267861	25.99	0	461
NW_022145551.1	2795456	43555027	15.58	0	14631
NW_022145551.1_region	254034	9543412	37.57	0	771
NW_022145552.1	2303257	48126315	20.89	0	10852
NW_022145552.1_region	247523	8133095	32.86	0	701
NW_022145553.1	1021577	13286468	13.01	0	2248
NW_022145553.1_region	75587	2372975	31.39	0	687
NW_022145554.1	2052140	34479828	16.80	0	9395
NW_022145554.1_region	246764	8798008	35.65	0	344
NW_022145555.1	898903	11287343	12.56	0	4692
NW_022145555.1_region	89441	3195644	35.73	0	390
NW_022145556.1	638884	5434871	8.51	0	5325
NW_022145556.1_region	7919	87389	11.04	0	153
NW_022145557.1	22264	3476	0.16	0	14
NW_022145557.1_region	840	190	0.23	0	6
NW_022145558.1	2570869	30060937	11.69	0	5905
NW_022145558.1_region	200527	4384299	21.86	0	3099
NW_022145559.1	1083236	13977975	12.90	0	6720
NW_022145559.1_region	88119	2651797	30.09	0	1852
NW_022145560.1	1242028	14706404	11.84	0	2771
NW_022145560.1_region	124116	2790308	22.48	0	532
NW_022145561.1	1175743	18664269	15.87	0	7050
NW_022145561.1_region	103482	5313819	51.35	0	785
NW_022145562.1	889695	15097936	16.97	0	2048
NW_022145562.1_region	54539	2444206	44.82	0	2048
NW_022145563.1	1261903	19740411	15.64	0	9361
NW_022145563.1_region	137111	4906649	35.79	0	898
NW_022145564.1	710235	7908737	11.14	0	2267
NW_022145564.1_region	28828	1224634	42.48	0	1453
NW_022145565.1	722416	8492325	11.76	0	3906
NW_022145565.1_region	75245	1770328	23.53	0	469
NW_022145566.1	3042594	44593760	14.66	0	14365
NW_022145566.1_region	348059	10761198	30.92	0	1588
NW_022145567.1	781304	13100758	16.77	0	10770
NW_022145567.1_region	70878	3531398	49.82	0	1496
NW_022145568.1	22583	3889	0.17	0	22
NW_022145568.1_region	0	0	0.00	0	0
NW_022145569.1	494736	7176837	14.51	0	3581
NW_022145569.1_region	33337	868527	26.05	0	472
NW_022145570.1	4944709	65132889	13.17	0	6635
NW_022145570.1_region	427930	12579144	29.40	0	875
NW_022145571.1	1505274	19919589	13.23	0	2061
NW_022145571.1_region	141637	4770884	33.68	0	658
NW_022145572.1	1505788	18847292	12.52	0	2337
NW_022145572.1_region	118078	4509184	38.19	0	1228
NW_022145573.1	529305	7498427	14.17	0	11419
NW_022145573.1_region	45206	1526599	33.77	0	389
NW_022145574.1	1404637	16423991	11.69	0	2962
NW_022145574.1_region	140119	4588616	32.75	0	684
NW_022145575.1	3300603	43849348	13.29	0	7401
NW_022145575.1_region	262357	7757285	29.57	0	873
NW_022145576.1	2906720	44324115	15.25	0	13193
NW_022145576.1_region	257482	10177265	39.53	0	2964
NW_022145577.1	252291	3111022	12.33	0	2262
NW_022145577.1_region	25499	632635	24.81	0	275
NW_022145578.1	630834	7787870	12.35	0	1261
NW_022145578.1_region	79747	3007906	37.72	0	1261
NW_022145579.1	83414	600	0.01	0	4
NW_022145579.1_region	0	0	0.00	0	0
NW_022145580.1	1039218	12190453	11.73	0	4263
NW_022145580.1_region	107627	2981770	27.70	0	1520
NW_022145581.1	427848	3956819	9.25	0	1450
NW_022145581.1_region	47943	1151261	24.01	0	402
NW_022145582.1	15763	3992	0.25	0	69
NW_022145582.1_region	1211	20	0.02	0	1
NW_022145583.1	16615	4757	0.29	0	38
NW_022145583.1_region	860	0	0.00	0	0
NW_022145584.1	16732	3114	0.19	0	16
NW_022145584.1_region	702	0	0.00	0	0
NW_022145585.1	21525	10702	0.50	0	166
NW_022145585.1_region	0	0	0.00	0	0
NW_022145586.1	22644	4896	0.22	0	22
NW_022145586.1_region	0	0	0.00	0	0
NW_022145587.1	22806	5340	0.23	0	28
NW_022145587.1_region	2589	348	0.13	0	10
NW_022145588.1	61109	5362	0.09	0	16
NW_022145588.1_region	0	0	0.00	0	0
NW_022145590.1	98897	998	0.01	0	32
NW_022145590.1_region	0	0	0.00	0	0
NW_022145591.1	92921	39239	0.42	0	29
NW_022145591.1_region	0	0	0.00	0	0
NW_022145592.1	82943	1127	0.01	0	10
NW_022145592.1_region	0	0	0.00	0	0
NW_022145594.1	53101916	899557077	16.94	0	30366
NW_022145594.1_region	3518700	152232582	43.26	0	4383
NW_022145595.1	29984350	609018684	20.31	0	29929
NW_022145595.1_region	2698509	136251431	50.49	0	3130
NW_022145596.1	33320444	718730111	21.57	0	15818
NW_022145596.1_region	3291199	175790180	53.41	0	4988
NW_022145597.1	34141700	749768553	21.96	0	16747
NW_022145597.1_region	3034785	180704335	59.54	0	9750
NW_022145598.1	37305039	630422559	16.90	0	27947
NW_022145598.1_region	2728783	131898735	48.34	0	4585
NW_022145599.1	37767046	694599332	18.39	0	15507
NW_022145599.1_region	3894798	181615583	46.63	0	5909
NW_022145600.1	37282239	728027833	19.53	0	12806
NW_022145600.1_region	3441413	166787782	48.46	0	6979
NW_022145601.1	35007347	659327505	18.83	0	28267
NW_022145601.1_region	3029754	145721864	48.10	0	4710
NW_022145602.1	30021120	481183077	16.03	0	16178
NW_022145602.1_region	2255655	100549475	44.58	0	3158
NW_022145603.1	34285068	531336074	15.50	0	36147
NW_022145603.1_region	2227231	101937296	45.77	0	3567
NW_022145604.1	33742549	596196434	17.67	0	26461
NW_022145604.1_region	2908891	135866771	46.71	0	3299
NW_022145605.1	42589791	796623187	18.70	0	53253
NW_022145605.1_region	4109591	197627217	48.09	0	5989
NW_022145606.1	52437917	678817856	12.95	0	23882
NW_022145606.1_region	3179802	103702230	32.61	0	9625
NW_022145607.1	45798072	800065570	17.47	0	29290
NW_022145607.1_region	3702770	184892802	49.93	0	4168
NW_022145608.1	80573	167142	2.07	0	236
NW_022145608.1_region	446	11547	25.89	0	62
NW_022145609.1	39838600	717004344	18.00	0	21516
NW_022145609.1_region	3533833	164833362	46.64	0	21516
NW_022145610.1	35917773	672195284	18.71	0	43935
NW_022145610.1_region	3191992	162448266	50.89	0	4704
NW_022145611.1	45225044	933011109	20.63	0	23880
NW_022145611.1_region	5090928	258585202	50.79	0	3633
NW_022145612.1	62154208	1258324040	20.25	0	16023
NW_022145612.1_region	7644422	365622460	47.83	0	10823
NW_022145613.1	39667378	852566900	21.49	0	16916
NW_022145613.1_region	4227065	242665940	57.41	0	6221
NW_022145614.1	33637615	733231571	21.80	0	13861
NW_022145614.1_region	3698046	192297683	52.00	0	4258
NW_022145615.1	35239632	769501027	21.84	0	33971
NW_022145615.1_region	3497029	191941149	54.89	0	5674
NC_001453.1	15650	1185297	75.74	0	504
NC_001453.1_region	0	0	0.00	0	0
total	921579634	16679708662	18.10	0	58996
total_region	82300663	3904835626	47.45	0	21516
