chrom	length	bases	mean	min	max
NW_022144747.1	60028	80	0.00	0	2
NW_022144747.1_region	0	0	0.00	0	0
NW_022144748.1	57988	806	0.01	0	8
NW_022144748.1_region	939	19	0.02	0	1
NW_022144750.1	47351	114	0.00	0	6
NW_022144750.1_region	0	0	0.00	0	0
NW_022144751.1	44134	979	0.02	0	6
NW_022144751.1_region	4170	0	0.00	0	0
NW_022144753.1	32290	1271	0.04	0	6
NW_022144753.1_region	819	3	0.00	0	1
NW_022144754.1	30490	76	0.00	0	2
NW_022144754.1_region	0	0	0.00	0	0
NW_022144755.1	29101	918	0.03	0	8
NW_022144755.1_region	0	0	0.00	0	0
NW_022144756.1	26146	1142	0.04	0	6
NW_022144756.1_region	0	0	0.00	0	0
NW_022144757.1	25658	820	0.03	0	7
NW_022144757.1_region	2781	0	0.00	0	0
NW_022144758.1	25340	1031	0.04	0	22
NW_022144758.1_region	0	0	0.00	0	0
NW_022144759.1	25179	1045	0.04	0	7
NW_022144759.1_region	8430	382	0.05	0	6
NW_022144760.1	24030	1471	0.06	0	17
NW_022144760.1_region	996	40	0.04	0	2
NW_022144761.1	23711	1820	0.08	0	13
NW_022144761.1_region	0	0	0.00	0	0
NW_022144762.1	23070	897	0.04	0	8
NW_022144762.1_region	1032	0	0.00	0	0
NW_022144763.1	22953	741	0.03	0	8
NW_022144763.1_region	2952	0	0.00	0	0
NW_022144764.1	22620	1642	0.07	0	10
NW_022144764.1_region	2640	0	0.00	0	0
NW_022144766.1	21973	1104	0.05	0	8
NW_022144766.1_region	0	0	0.00	0	0
NW_022144767.1	21667	1012	0.05	0	6
NW_022144767.1_region	0	0	0.00	0	0
NW_022144768.1	21625	1352	0.06	0	8
NW_022144768.1_region	0	0	0.00	0	0
NW_022144769.1	21387	1461	0.07	0	12
NW_022144769.1_region	0	0	0.00	0	0
NW_022144770.1	21139	939	0.04	0	12
NW_022144770.1_region	3847	0	0.00	0	0
NW_022144771.1	21068	1020	0.05	0	6
NW_022144771.1_region	0	0	0.00	0	0
NW_022144772.1	21005	1228	0.06	0	7
NW_022144772.1_region	0	0	0.00	0	0
NW_022144773.1	20784	988	0.05	0	6
NW_022144773.1_region	0	0	0.00	0	0
NW_022144774.1	20670	896	0.04	0	6
NW_022144774.1_region	0	0	0.00	0	0
NW_022144775.1	20129	904	0.04	0	6
NW_022144775.1_region	0	0	0.00	0	0
NW_022144776.1	19833	2442	0.12	0	68
NW_022144776.1_region	1593	0	0.00	0	0
NW_022144777.1	19372	774	0.04	0	6
NW_022144777.1_region	0	0	0.00	0	0
NW_022144778.1	19224	547	0.03	0	6
NW_022144778.1_region	1185	0	0.00	0	0
NW_022144779.1	18924	445	0.02	0	16
NW_022144779.1_region	4515	0	0.00	0	0
NW_022144780.1	18903	802	0.04	0	6
NW_022144780.1_region	0	0	0.00	0	0
NW_022144781.1	18719	695	0.04	0	4
NW_022144781.1_region	0	0	0.00	0	0
NW_022144782.1	18716	556	0.03	0	4
NW_022144782.1_region	0	0	0.00	0	0
NW_022144783.1	18557	1419	0.08	0	10
NW_022144783.1_region	312	0	0.00	0	0
NW_022144784.1	18439	797	0.04	0	6
NW_022144784.1_region	0	0	0.00	0	0
NW_022144785.1	18330	1220	0.07	0	6
NW_022144785.1_region	0	0	0.00	0	0
NW_022144786.1	18214	715	0.04	0	6
NW_022144786.1_region	0	0	0.00	0	0
NW_022144787.1	18153	824	0.05	0	8
NW_022144787.1_region	0	0	0.00	0	0
NW_022144788.1	17951	795	0.04	0	8
NW_022144788.1_region	0	0	0.00	0	0
NW_022144789.1	17798	1269	0.07	0	10
NW_022144789.1_region	0	0	0.00	0	0
NW_022144790.1	17754	452	0.03	0	4
NW_022144790.1_region	3724	37	0.01	0	4
NW_022144791.1	17648	688	0.04	0	4
NW_022144791.1_region	0	0	0.00	0	0
NW_022144792.1	17542	1026	0.06	0	7
NW_022144792.1_region	1403	22	0.02	0	2
NW_022144793.1	17493	858	0.05	0	7
NW_022144793.1_region	0	0	0.00	0	0
NW_022144794.1	17213	510	0.03	0	6
NW_022144794.1_region	0	0	0.00	0	0
NW_022144795.1	17172	1128	0.07	0	22
NW_022144795.1_region	0	0	0.00	0	0
NW_022144796.1	17039	722	0.04	0	6
NW_022144796.1_region	894	0	0.00	0	0
NW_022144797.1	17012	1942	0.11	0	10
NW_022144797.1_region	0	0	0.00	0	0
NW_022144798.1	16271	1502	0.09	0	22
NW_022144798.1_region	0	0	0.00	0	0
NW_022144799.1	16212	712	0.04	0	4
NW_022144799.1_region	1650	0	0.00	0	0
NW_022144800.1	16196	246	0.02	0	4
NW_022144800.1_region	0	0	0.00	0	0
NW_022144801.1	16082	1828	0.11	0	12
NW_022144801.1_region	0	0	0.00	0	0
NW_022144802.1	16073	899	0.06	0	10
NW_022144802.1_region	0	0	0.00	0	0
NW_022144803.1	15882	502	0.03	0	6
NW_022144803.1_region	0	0	0.00	0	0
NW_022144804.1	15872	817	0.05	0	4
NW_022144804.1_region	1277	76	0.06	0	4
NW_022144805.1	15755	308	0.02	0	4
NW_022144805.1_region	0	0	0.00	0	0
NW_022144806.1	15729	765	0.05	0	8
NW_022144806.1_region	0	0	0.00	0	0
NW_022144807.1	15717	408	0.03	0	4
NW_022144807.1_region	0	0	0.00	0	0
NW_022144808.1	15697	1129	0.07	0	6
NW_022144808.1_region	0	0	0.00	0	0
NW_022144809.1	15254	941	0.06	0	6
NW_022144809.1_region	624	0	0.00	0	0
NW_022144810.1	15245	1060	0.07	0	10
NW_022144810.1_region	0	0	0.00	0	0
NW_022144811.1	15184	764	0.05	0	8
NW_022144811.1_region	1176	0	0.00	0	0
NW_022144812.1	15180	1104	0.07	0	7
NW_022144812.1_region	0	0	0.00	0	0
NW_022144813.1	64470	482975	7.49	0	591
NW_022144813.1_region	2668	45779	17.16	0	62
NW_022144814.1	20273	1133	0.06	0	7
NW_022144814.1_region	0	0	0.00	0	0
NW_022144815.1	19793	1161	0.06	0	12
NW_022144815.1_region	0	0	0.00	0	0
NW_022144816.1	18134	709	0.04	0	6
NW_022144816.1_region	555	0	0.00	0	0
NW_022144817.1	17838	1163	0.07	0	9
NW_022144817.1_region	0	0	0.00	0	0
NW_022144818.1	15663	879	0.06	0	8
NW_022144818.1_region	0	0	0.00	0	0
NW_022144819.1	25897	146225	5.65	0	191
NW_022144819.1_region	1580	58973	37.32	0	191
NW_022144820.1	14953	835	0.06	0	6
NW_022144820.1_region	0	0	0.00	0	0
NW_022144821.1	14859	1132	0.08	0	6
NW_022144821.1_region	0	0	0.00	0	0
NW_022144822.1	14838	196	0.01	0	2
NW_022144822.1_region	0	0	0.00	0	0
NW_022144823.1	14815	1358	0.09	0	14
NW_022144823.1_region	0	0	0.00	0	0
NW_022144824.1	14806	1093	0.07	0	14
NW_022144824.1_region	0	0	0.00	0	0
NW_022144825.1	14766	843	0.06	0	8
NW_022144825.1_region	0	0	0.00	0	0
NW_022144826.1	14747	1038	0.07	0	6
NW_022144826.1_region	0	0	0.00	0	0
NW_022144827.1	14741	667	0.05	0	6
NW_022144827.1_region	0	0	0.00	0	0
NW_022144828.1	14710	217	0.01	0	2
NW_022144828.1_region	1104	0	0.00	0	0
NW_022144829.1	14707	528	0.04	0	4
NW_022144829.1_region	0	0	0.00	0	0
NW_022144830.1	14679	533	0.04	0	3
NW_022144830.1_region	549	0	0.00	0	0
NW_022144831.1	14604	1189	0.08	0	6
NW_022144831.1_region	0	0	0.00	0	0
NW_022144832.1	14536	968	0.07	0	6
NW_022144832.1_region	0	0	0.00	0	0
NW_022144833.1	14472	1332	0.09	0	15
NW_022144833.1_region	0	0	0.00	0	0
NW_022144834.1	14424	842	0.06	0	12
NW_022144834.1_region	0	0	0.00	0	0
NW_022144835.1	14392	66664	4.63	0	172
NW_022144835.1_region	0	0	0.00	0	0
NW_022144836.1	14366	681	0.05	0	5
NW_022144836.1_region	0	0	0.00	0	0
NW_022144837.1	14316	1108	0.08	0	26
NW_022144837.1_region	474	38	0.08	0	2
NW_022144838.1	14178	1060	0.07	0	6
NW_022144838.1_region	557	0	0.00	0	0
NW_022144839.1	14036	1085	0.08	0	8
NW_022144839.1_region	0	0	0.00	0	0
NW_022144840.1	13984	1040	0.07	0	11
NW_022144840.1_region	0	0	0.00	0	0
NW_022144841.1	13922	709	0.05	0	6
NW_022144841.1_region	642	0	0.00	0	0
NW_022144842.1	13691	2142	0.16	0	20
NW_022144842.1_region	765	0	0.00	0	0
NW_022144843.1	13690	458	0.03	0	4
NW_022144843.1_region	825	0	0.00	0	0
NW_022144844.1	13628	387	0.03	0	5
NW_022144844.1_region	975	95	0.10	0	5
NW_022144845.1	13496	1208	0.09	0	10
NW_022144845.1_region	0	0	0.00	0	0
NW_022144846.1	13451	348	0.03	0	3
NW_022144846.1_region	0	0	0.00	0	0
NW_022144847.1	13443	1473	0.11	0	8
NW_022144847.1_region	0	0	0.00	0	0
NW_022144848.1	13325	1136	0.09	0	15
NW_022144848.1_region	0	0	0.00	0	0
NW_022144849.1	13232	618	0.05	0	5
NW_022144849.1_region	501	19	0.04	0	1
NW_022144850.1	13217	228	0.02	0	4
NW_022144850.1_region	0	0	0.00	0	0
NW_022144851.1	13037	2013	0.15	0	25
NW_022144851.1_region	0	0	0.00	0	0
NW_022144852.1	13005	368	0.03	0	8
NW_022144852.1_region	0	0	0.00	0	0
NW_022144853.1	12874	295	0.02	0	2
NW_022144853.1_region	0	0	0.00	0	0
NW_022144854.1	12677	959	0.08	0	8
NW_022144854.1_region	0	0	0.00	0	0
NW_022144855.1	12615	854	0.07	0	15
NW_022144855.1_region	0	0	0.00	0	0
NW_022144856.1	12598	432	0.03	0	6
NW_022144856.1_region	0	0	0.00	0	0
NW_022144857.1	12436	1140	0.09	0	22
NW_022144857.1_region	0	0	0.00	0	0
NW_022144858.1	12426	712	0.06	0	8
NW_022144858.1_region	0	0	0.00	0	0
NW_022144859.1	12331	295	0.02	0	5
NW_022144859.1_region	690	30	0.04	0	2
NW_022144860.1	12325	611	0.05	0	9
NW_022144860.1_region	0	0	0.00	0	0
NW_022144861.1	12317	872	0.07	0	8
NW_022144861.1_region	0	0	0.00	0	0
NW_022144862.1	12297	335	0.03	0	4
NW_022144862.1_region	657	0	0.00	0	0
NW_022144863.1	12291	3795	0.31	0	68
NW_022144863.1_region	0	0	0.00	0	0
NW_022144864.1	12247	583	0.05	0	6
NW_022144864.1_region	0	0	0.00	0	0
NW_022144865.1	12235	99	0.01	0	4
NW_022144865.1_region	495	0	0.00	0	0
NW_022144866.1	12202	624	0.05	0	4
NW_022144866.1_region	0	0	0.00	0	0
NW_022144867.1	12165	1350	0.11	0	26
NW_022144867.1_region	0	0	0.00	0	0
NW_022144868.1	12125	652	0.05	0	8
NW_022144868.1_region	0	0	0.00	0	0
NW_022144869.1	12087	12280	1.02	0	31
NW_022144869.1_region	0	0	0.00	0	0
NW_022144870.1	11997	492	0.04	0	4
NW_022144870.1_region	0	0	0.00	0	0
NW_022144871.1	11989	1794	0.15	0	17
NW_022144871.1_region	0	0	0.00	0	0
NW_022144872.1	11899	999	0.08	0	12
NW_022144872.1_region	0	0	0.00	0	0
NW_022144873.1	11852	1008	0.09	0	10
NW_022144873.1_region	1830	182	0.10	0	4
NW_022144874.1	11838	388	0.03	0	8
NW_022144874.1_region	0	0	0.00	0	0
NW_022144875.1	11825	114	0.01	0	4
NW_022144875.1_region	469	0	0.00	0	0
NW_022144876.1	11673	878	0.08	0	10
NW_022144876.1_region	0	0	0.00	0	0
NW_022144877.1	11635	617	0.05	0	6
NW_022144877.1_region	0	0	0.00	0	0
NW_022144878.1	11630	259	0.02	0	2
NW_022144878.1_region	1896	0	0.00	0	0
NW_022144879.1	11539	981	0.09	0	11
NW_022144879.1_region	0	0	0.00	0	0
NW_022144880.1	11518	557	0.05	0	6
NW_022144880.1_region	0	0	0.00	0	0
NW_022144881.1	11448	625	0.05	0	12
NW_022144881.1_region	0	0	0.00	0	0
NW_022144882.1	11400	1013	0.09	0	13
NW_022144882.1_region	0	0	0.00	0	0
NW_022144883.1	11312	163	0.01	0	4
NW_022144883.1_region	0	0	0.00	0	0
NW_022144884.1	11268	645	0.06	0	5
NW_022144884.1_region	0	0	0.00	0	0
NW_022144885.1	11127	1432	0.13	0	24
NW_022144885.1_region	0	0	0.00	0	0
NW_022144886.1	74569	527162	7.07	0	871
NW_022144886.1_region	0	0	0.00	0	0
NW_022144887.1	11069	1438	0.13	0	27
NW_022144887.1_region	0	0	0.00	0	0
NW_022144888.1	11058	1158	0.10	0	10
NW_022144888.1_region	0	0	0.00	0	0
NW_022144889.1	11056	606	0.05	0	6
NW_022144889.1_region	0	0	0.00	0	0
NW_022144890.1	10990	888	0.08	0	8
NW_022144890.1_region	957	0	0.00	0	0
NW_022144891.1	10968	474	0.04	0	4
NW_022144891.1_region	0	0	0.00	0	0
NW_022144892.1	10910	190	0.02	0	4
NW_022144892.1_region	0	0	0.00	0	0
NW_022144893.1	10903	333	0.03	0	8
NW_022144893.1_region	0	0	0.00	0	0
NW_022144894.1	10814	756	0.07	0	12
NW_022144894.1_region	0	0	0.00	0	0
NW_022144895.1	10747	381	0.04	0	6
NW_022144895.1_region	0	0	0.00	0	0
NW_022144896.1	10744	425	0.04	0	6
NW_022144896.1_region	1205	0	0.00	0	0
NW_022144897.1	116516	2976776	25.55	0	634
NW_022144897.1_region	8798	680745	77.37	0	180
NW_022144898.1	10667	16442	1.54	0	119
NW_022144898.1_region	503	0	0.00	0	0
NW_022144899.1	10605	802	0.08	0	10
NW_022144899.1_region	0	0	0.00	0	0
NW_022144900.1	10598	555	0.05	0	4
NW_022144900.1_region	0	0	0.00	0	0
NW_022144901.1	10582	474	0.04	0	4
NW_022144901.1_region	1699	26	0.02	0	2
NW_022144902.1	10532	681	0.06	0	6
NW_022144902.1_region	0	0	0.00	0	0
NW_022144903.1	10529	266	0.03	0	5
NW_022144903.1_region	0	0	0.00	0	0
NW_022144904.1	10526	510	0.05	0	4
NW_022144904.1_region	335	0	0.00	0	0
NW_022144905.1	10508	173	0.02	0	3
NW_022144905.1_region	0	0	0.00	0	0
NW_022144906.1	10376	341	0.03	0	4
NW_022144906.1_region	395	0	0.00	0	0
NW_022144907.1	10259	276	0.03	0	4
NW_022144907.1_region	0	0	0.00	0	0
NW_022144908.1	57212	535950	9.37	0	603
NW_022144908.1_region	0	0	0.00	0	0
NW_022144909.1	10257	229	0.02	0	3
NW_022144909.1_region	0	0	0.00	0	0
NW_022144910.1	10238	1165	0.11	0	19
NW_022144910.1_region	0	0	0.00	0	0
NW_022144911.1	10215	567	0.06	0	6
NW_022144911.1_region	1194	6	0.01	0	2
NW_022144912.1	10118	570	0.06	0	6
NW_022144912.1_region	0	0	0.00	0	0
NW_022144913.1	10045	832	0.08	0	6
NW_022144913.1_region	0	0	0.00	0	0
NW_022144914.1	10027	643	0.06	0	6
NW_022144914.1_region	0	0	0.00	0	0
NW_022144915.1	10023	1228	0.12	0	13
NW_022144915.1_region	0	0	0.00	0	0
NW_022144916.1	9977	317	0.03	0	6
NW_022144916.1_region	0	0	0.00	0	0
NW_022144917.1	9968	488	0.05	0	3
NW_022144917.1_region	0	0	0.00	0	0
NW_022144918.1	9948	1761	0.18	0	18
NW_022144918.1_region	0	0	0.00	0	0
NW_022144919.1	101694	751223	7.39	0	247
NW_022144919.1_region	0	0	0.00	0	0
NW_022144920.1	9893	275	0.03	0	2
NW_022144920.1_region	0	0	0.00	0	0
NW_022144921.1	9870	889	0.09	0	6
NW_022144921.1_region	0	0	0.00	0	0
NW_022144922.1	9860	473	0.05	0	4
NW_022144922.1_region	0	0	0.00	0	0
NW_022144923.1	9823	256	0.03	0	2
NW_022144923.1_region	0	0	0.00	0	0
NW_022144924.1	9823	919	0.09	0	7
NW_022144924.1_region	0	0	0.00	0	0
NW_022144925.1	9791	438	0.04	0	4
NW_022144925.1_region	333	0	0.00	0	0
NW_022144926.1	9769	498	0.05	0	6
NW_022144926.1_region	1017	0	0.00	0	0
NW_022144927.1	9710	198	0.02	0	2
NW_022144927.1_region	0	0	0.00	0	0
NW_022144928.1	9694	566	0.06	0	2
NW_022144928.1_region	740	0	0.00	0	0
NW_022144929.1	9642	587	0.06	0	6
NW_022144929.1_region	0	0	0.00	0	0
NW_022144930.1	49449	536663	10.85	0	359
NW_022144930.1_region	920	16691	18.14	2	63
NW_022144931.1	9636	663	0.07	0	9
NW_022144931.1_region	1002	0	0.00	0	0
NW_022144932.1	9590	673	0.07	0	6
NW_022144932.1_region	0	0	0.00	0	0
NW_022144933.1	9519	4053	0.43	0	23
NW_022144933.1_region	0	0	0.00	0	0
NW_022144934.1	9503	187	0.02	0	5
NW_022144934.1_region	586	0	0.00	0	0
NW_022144935.1	9369	406	0.04	0	8
NW_022144935.1_region	0	0	0.00	0	0
NW_022144936.1	9315	787	0.08	0	10
NW_022144936.1_region	0	0	0.00	0	0
NW_022144937.1	9305	566	0.06	0	5
NW_022144937.1_region	0	0	0.00	0	0
NW_022144938.1	9294	532	0.06	0	10
NW_022144938.1_region	0	0	0.00	0	0
NW_022144939.1	9275	703	0.08	0	10
NW_022144939.1_region	0	0	0.00	0	0
NW_022144940.1	9267	587	0.06	0	4
NW_022144940.1_region	0	0	0.00	0	0
NW_022144941.1	159342	479329	3.01	0	224
NW_022144941.1_region	10419	8321	0.80	0	13
NW_022144942.1	9236	610	0.07	0	10
NW_022144942.1_region	0	0	0.00	0	0
NW_022144943.1	9207	2045	0.22	0	27
NW_022144943.1_region	0	0	0.00	0	0
NW_022144944.1	9202	418	0.05	0	6
NW_022144944.1_region	0	0	0.00	0	0
NW_022144945.1	9131	690	0.08	0	13
NW_022144945.1_region	489	0	0.00	0	0
NW_022144946.1	9108	709	0.08	0	10
NW_022144946.1_region	0	0	0.00	0	0
NW_022144947.1	9060	435	0.05	0	4
NW_022144947.1_region	0	0	0.00	0	0
NW_022144948.1	9047	449	0.05	0	6
NW_022144948.1_region	627	0	0.00	0	0
NW_022144949.1	9042	698	0.08	0	8
NW_022144949.1_region	0	0	0.00	0	0
NW_022144950.1	8932	516	0.06	0	4
NW_022144950.1_region	0	0	0.00	0	0
NW_022144951.1	8878	980	0.11	0	8
NW_022144951.1_region	0	0	0.00	0	0
NW_022144952.1	134345	532226	3.96	0	165
NW_022144952.1_region	4213	61178	14.52	0	165
NW_022144953.1	8840	254	0.03	0	4
NW_022144953.1_region	0	0	0.00	0	0
NW_022144954.1	8825	276	0.03	0	4
NW_022144954.1_region	468	0	0.00	0	0
NW_022144955.1	8703	676	0.08	0	6
NW_022144955.1_region	0	0	0.00	0	0
NW_022144956.1	8644	357	0.04	0	4
NW_022144956.1_region	0	0	0.00	0	0
NW_022144957.1	8617	749	0.09	0	12
NW_022144957.1_region	0	0	0.00	0	0
NW_022144958.1	8592	254	0.03	0	2
NW_022144958.1_region	0	0	0.00	0	0
NW_022144959.1	8588	514	0.06	0	6
NW_022144959.1_region	0	0	0.00	0	0
NW_022144960.1	8539	973	0.11	0	10
NW_022144960.1_region	0	0	0.00	0	0
NW_022144961.1	8519	272	0.03	0	2
NW_022144961.1_region	0	0	0.00	0	0
NW_022144962.1	8514	405	0.05	0	6
NW_022144962.1_region	0	0	0.00	0	0
NW_022144963.1	63343	202955	3.20	0	239
NW_022144963.1_region	868	56274	64.83	0	183
NW_022144964.1	8499	756	0.09	0	8
NW_022144964.1_region	0	0	0.00	0	0
NW_022144965.1	8462	195	0.02	0	2
NW_022144965.1_region	0	0	0.00	0	0
NW_022144966.1	8446	917	0.11	0	10
NW_022144966.1_region	0	0	0.00	0	0
NW_022144967.1	8427	139	0.02	0	2
NW_022144967.1_region	0	0	0.00	0	0
NW_022144968.1	8371	215	0.03	0	10
NW_022144968.1_region	0	0	0.00	0	0
NW_022144969.1	8367	1258	0.15	0	21
NW_022144969.1_region	0	0	0.00	0	0
NW_022144970.1	8351	325	0.04	0	6
NW_022144970.1_region	987	0	0.00	0	0
NW_022144971.1	8336	160	0.02	0	2
NW_022144971.1_region	0	0	0.00	0	0
NW_022144972.1	8298	205	0.02	0	4
NW_022144972.1_region	0	0	0.00	0	0
NW_022144973.1	8278	266	0.03	0	6
NW_022144973.1_region	0	0	0.00	0	0
NW_022144974.1	161611	2672002	16.53	0	1027
NW_022144974.1_region	0	0	0.00	0	0
NW_022144975.1	8272	897	0.11	0	13
NW_022144975.1_region	995	0	0.00	0	0
NW_022144976.1	8270	137	0.02	0	2
NW_022144976.1_region	0	0	0.00	0	0
NW_022144977.1	8265	649	0.08	0	5
NW_022144977.1_region	0	0	0.00	0	0
NW_022144978.1	8229	360	0.04	0	4
NW_022144978.1_region	0	0	0.00	0	0
NW_022144979.1	8217	397	0.05	0	6
NW_022144979.1_region	0	0	0.00	0	0
NW_022144980.1	8208	641	0.08	0	12
NW_022144980.1_region	0	0	0.00	0	0
NW_022144981.1	8193	72742	8.88	0	242
NW_022144981.1_region	0	0	0.00	0	0
NW_022144982.1	8177	1694	0.21	0	32
NW_022144982.1_region	0	0	0.00	0	0
NW_022144983.1	8151	364	0.04	0	6
NW_022144983.1_region	0	0	0.00	0	0
NW_022144984.1	8029	316	0.04	0	6
NW_022144984.1_region	0	0	0.00	0	0
NW_022144985.1	24776	174308	7.04	0	305
NW_022144985.1_region	0	0	0.00	0	0
NW_022144986.1	8004	615	0.08	0	12
NW_022144986.1_region	0	0	0.00	0	0
NW_022144987.1	7998	360	0.05	0	5
NW_022144987.1_region	0	0	0.00	0	0
NW_022144988.1	7984	236	0.03	0	3
NW_022144988.1_region	0	0	0.00	0	0
NW_022144989.1	7982	606	0.08	0	10
NW_022144989.1_region	0	0	0.00	0	0
NW_022144990.1	7899	466	0.06	0	8
NW_022144990.1_region	0	0	0.00	0	0
NW_022144991.1	7891	596	0.08	0	8
NW_022144991.1_region	0	0	0.00	0	0
NW_022144992.1	7805	309	0.04	0	4
NW_022144992.1_region	0	0	0.00	0	0
NW_022144993.1	7728	349	0.05	0	7
NW_022144993.1_region	0	0	0.00	0	0
NW_022144994.1	7684	431	0.06	0	6
NW_022144994.1_region	0	0	0.00	0	0
NW_022144995.1	7678	429	0.06	0	5
NW_022144995.1_region	0	0	0.00	0	0
NW_022144996.1	71277	167548	2.35	0	170
NW_022144996.1_region	0	0	0.00	0	0
NW_022144997.1	7613	329	0.04	0	4
NW_022144997.1_region	0	0	0.00	0	0
NW_022144998.1	7609	224	0.03	0	4
NW_022144998.1_region	0	0	0.00	0	0
NW_022144999.1	7608	593	0.08	0	10
NW_022144999.1_region	0	0	0.00	0	0
NW_022145000.1	7606	562	0.07	0	4
NW_022145000.1_region	0	0	0.00	0	0
NW_022145001.1	7549	134	0.02	0	2
NW_022145001.1_region	0	0	0.00	0	0
NW_022145002.1	7546	707	0.09	0	10
NW_022145002.1_region	471	0	0.00	0	0
NW_022145003.1	7508	80	0.01	0	2
NW_022145003.1_region	0	0	0.00	0	0
NW_022145004.1	7486	419	0.06	0	4
NW_022145004.1_region	450	0	0.00	0	0
NW_022145005.1	7447	276	0.04	0	8
NW_022145005.1_region	469	0	0.00	0	0
NW_022145006.1	7443	1013	0.14	0	11
NW_022145006.1_region	0	0	0.00	0	0
NW_022145007.1	83156	4055826	48.77	0	665
NW_022145007.1_region	0	0	0.00	0	0
NW_022145008.1	7433	311	0.04	0	2
NW_022145008.1_region	0	0	0.00	0	0
NW_022145009.1	7407	255	0.03	0	6
NW_022145009.1_region	0	0	0.00	0	0
NW_022145010.1	7379	331	0.04	0	4
NW_022145010.1_region	0	0	0.00	0	0
NW_022145011.1	7365	1992	0.27	0	96
NW_022145011.1_region	0	0	0.00	0	0
NW_022145012.1	7323	338	0.05	0	4
NW_022145012.1_region	0	0	0.00	0	0
NW_022145013.1	7318	137	0.02	0	3
NW_022145013.1_region	1291	0	0.00	0	0
NW_022145014.1	7312	200	0.03	0	2
NW_022145014.1_region	0	0	0.00	0	0
NW_022145015.1	7291	685	0.09	0	14
NW_022145015.1_region	0	0	0.00	0	0
NW_022145016.1	7291	252	0.03	0	6
NW_022145016.1_region	531	0	0.00	0	0
NW_022145017.1	7290	435	0.06	0	6
NW_022145017.1_region	0	0	0.00	0	0
NW_022145018.1	387561	4308445	11.12	0	1205
NW_022145018.1_region	9817	4993	0.51	0	27
NW_022145019.1	7256	630	0.09	0	8
NW_022145019.1_region	0	0	0.00	0	0
NW_022145020.1	7195	1700	0.24	0	62
NW_022145020.1_region	0	0	0.00	0	0
NW_022145021.1	7190	1408	0.20	0	15
NW_022145021.1_region	0	0	0.00	0	0
NW_022145022.1	7187	757	0.11	0	13
NW_022145022.1_region	0	0	0.00	0	0
NW_022145023.1	7105	1862	0.26	0	98
NW_022145023.1_region	0	0	0.00	0	0
NW_022145024.1	7072	376	0.05	0	4
NW_022145024.1_region	690	0	0.00	0	0
NW_022145025.1	6971	606	0.09	0	10
NW_022145025.1_region	0	0	0.00	0	0
NW_022145026.1	6961	155	0.02	0	3
NW_022145026.1_region	0	0	0.00	0	0
NW_022145027.1	6912	602	0.09	0	9
NW_022145027.1_region	0	0	0.00	0	0
NW_022145028.1	6909	438	0.06	0	7
NW_022145028.1_region	0	0	0.00	0	0
NW_022145029.1	136630	718443	5.26	0	303
NW_022145029.1_region	1579	992	0.63	0	20
NW_022145030.1	6887	788	0.11	0	40
NW_022145030.1_region	0	0	0.00	0	0
NW_022145031.1	6886	394	0.06	0	6
NW_022145031.1_region	0	0	0.00	0	0
NW_022145032.1	6870	368	0.05	0	6
NW_022145032.1_region	0	0	0.00	0	0
NW_022145033.1	6839	585	0.09	0	6
NW_022145033.1_region	1329	100	0.08	0	5
NW_022145034.1	6827	377	0.06	0	5
NW_022145034.1_region	0	0	0.00	0	0
NW_022145035.1	6767	351	0.05	0	5
NW_022145035.1_region	537	0	0.00	0	0
NW_022145036.1	6748	385	0.06	0	6
NW_022145036.1_region	0	0	0.00	0	0
NW_022145037.1	6730	2061	0.31	0	40
NW_022145037.1_region	0	0	0.00	0	0
NW_022145038.1	6694	219	0.03	0	4
NW_022145038.1_region	278	21	0.08	0	1
NW_022145039.1	6606	368	0.06	0	4
NW_022145039.1_region	0	0	0.00	0	0
NW_022145040.1	120375	412330	3.43	0	137
NW_022145040.1_region	0	0	0.00	0	0
NW_022145041.1	6594	503	0.08	0	6
NW_022145041.1_region	1332	0	0.00	0	0
NW_022145042.1	6590	266	0.04	0	4
NW_022145042.1_region	0	0	0.00	0	0
NW_022145043.1	6510	617	0.09	0	8
NW_022145043.1_region	0	0	0.00	0	0
NW_022145044.1	6461	292	0.05	0	4
NW_022145044.1_region	0	0	0.00	0	0
NW_022145045.1	6450	177	0.03	0	2
NW_022145045.1_region	0	0	0.00	0	0
NW_022145046.1	6448	315	0.05	0	7
NW_022145046.1_region	0	0	0.00	0	0
NW_022145047.1	6422	649	0.10	0	4
NW_022145047.1_region	0	0	0.00	0	0
NW_022145048.1	6417	288	0.04	0	4
NW_022145048.1_region	0	0	0.00	0	0
NW_022145049.1	6412	197	0.03	0	6
NW_022145049.1_region	0	0	0.00	0	0
NW_022145050.1	6336	358	0.06	0	4
NW_022145050.1_region	1079	0	0.00	0	0
NW_022145051.1	69137	151408	2.19	0	138
NW_022145051.1_region	0	0	0.00	0	0
NW_022145052.1	6319	445	0.07	0	6
NW_022145052.1_region	0	0	0.00	0	0
NW_022145053.1	6318	322	0.05	0	4
NW_022145053.1_region	0	0	0.00	0	0
NW_022145054.1	6313	270	0.04	0	4
NW_022145054.1_region	0	0	0.00	0	0
NW_022145056.1	6197	528	0.09	0	12
NW_022145056.1_region	0	0	0.00	0	0
NW_022145057.1	6184	681	0.11	0	13
NW_022145057.1_region	1390	0	0.00	0	0
NW_022145058.1	6166	204	0.03	0	4
NW_022145058.1_region	0	0	0.00	0	0
NW_022145059.1	6156	532	0.09	0	8
NW_022145059.1_region	0	0	0.00	0	0
NW_022145060.1	6138	226	0.04	0	2
NW_022145060.1_region	0	0	0.00	0	0
NW_022145061.1	6137	402	0.07	0	6
NW_022145061.1_region	0	0	0.00	0	0
NW_022145062.1	47922	81464	1.70	0	20
NW_022145062.1_region	0	0	0.00	0	0
NW_022145063.1	6118	502	0.08	0	10
NW_022145063.1_region	0	0	0.00	0	0
NW_022145064.1	6116	577	0.09	0	6
NW_022145064.1_region	663	11	0.02	0	1
NW_022145065.1	6099	179	0.03	0	3
NW_022145065.1_region	0	0	0.00	0	0
NW_022145066.1	6082	235	0.04	0	4
NW_022145066.1_region	0	0	0.00	0	0
NW_022145067.1	6078	409	0.07	0	10
NW_022145067.1_region	349	0	0.00	0	0
NW_022145068.1	6067	316	0.05	0	4
NW_022145068.1_region	0	0	0.00	0	0
NW_022145070.1	5912	116	0.02	0	2
NW_022145070.1_region	0	0	0.00	0	0
NW_022145071.1	5907	190	0.03	0	6
NW_022145071.1_region	707	0	0.00	0	0
NW_022145072.1	5903	139	0.02	0	4
NW_022145072.1_region	0	0	0.00	0	0
NW_022145073.1	125721	735847	5.85	0	818
NW_022145073.1_region	1128	614	0.54	0	8
NW_022145074.1	5886	215	0.04	0	2
NW_022145074.1_region	0	0	0.00	0	0
NW_022145075.1	5854	38	0.01	0	2
NW_022145075.1_region	0	0	0.00	0	0
NW_022145076.1	5852	619	0.11	0	11
NW_022145076.1_region	0	0	0.00	0	0
NW_022145077.1	5819	156	0.03	0	4
NW_022145077.1_region	0	0	0.00	0	0
NW_022145078.1	5814	296	0.05	0	4
NW_022145078.1_region	0	0	0.00	0	0
NW_022145079.1	5721	131	0.02	0	4
NW_022145079.1_region	0	0	0.00	0	0
NW_022145080.1	5718	156	0.03	0	3
NW_022145080.1_region	0	0	0.00	0	0
NW_022145081.1	5711	101	0.02	0	3
NW_022145081.1_region	573	0	0.00	0	0
NW_022145082.1	5699	446	0.08	0	6
NW_022145082.1_region	0	0	0.00	0	0
NW_022145083.1	5623	2893	0.51	0	13
NW_022145083.1_region	0	0	0.00	0	0
NW_022145084.1	104907	309811	2.95	0	304
NW_022145084.1_region	0	0	0.00	0	0
NW_022145085.1	5609	2761	0.49	0	19
NW_022145085.1_region	0	0	0.00	0	0
NW_022145086.1	5578	439	0.08	0	5
NW_022145086.1_region	635	0	0.00	0	0
NW_022145087.1	5530	137	0.02	0	3
NW_022145087.1_region	0	0	0.00	0	0
NW_022145088.1	5487	224	0.04	0	4
NW_022145088.1_region	0	0	0.00	0	0
NW_022145089.1	5471	396	0.07	0	4
NW_022145089.1_region	0	0	0.00	0	0
NW_022145090.1	5461	179	0.03	0	3
NW_022145090.1_region	0	0	0.00	0	0
NW_022145091.1	5422	260	0.05	0	10
NW_022145091.1_region	0	0	0.00	0	0
NW_022145092.1	5321	320	0.06	0	5
NW_022145092.1_region	0	0	0.00	0	0
NW_022145093.1	5319	220	0.04	0	2
NW_022145093.1_region	0	0	0.00	0	0
NW_022145094.1	5316	352	0.07	0	6
NW_022145094.1_region	0	0	0.00	0	0
NW_022145095.1	119971	941124	7.84	0	1054
NW_022145095.1_region	0	0	0.00	0	0
NW_022145096.1	5304	125	0.02	0	5
NW_022145096.1_region	465	0	0.00	0	0
NW_022145097.1	3350	6871	2.05	0	25
NW_022145097.1_region	0	0	0.00	0	0
NW_022145098.1	5251	693745	132.12	0	1129
NW_022145098.1_region	0	0	0.00	0	0
NW_022145099.1	5225	1325	0.25	0	33
NW_022145099.1_region	0	0	0.00	0	0
NW_022145100.1	5219	116	0.02	0	2
NW_022145100.1_region	0	0	0.00	0	0
NW_022145101.1	5188	1058	0.20	0	34
NW_022145101.1_region	0	0	0.00	0	0
NW_022145102.1	5187	332278	64.06	0	501
NW_022145102.1_region	0	0	0.00	0	0
NW_022145104.1	5153	82	0.02	0	2
NW_022145104.1_region	0	0	0.00	0	0
NW_022145105.1	5115	1097	0.21	0	18
NW_022145105.1_region	0	0	0.00	0	0
NW_022145106.1	20950	88690	4.23	0	712
NW_022145106.1_region	0	0	0.00	0	0
NW_022145107.1	5060	228	0.05	0	6
NW_022145107.1_region	0	0	0.00	0	0
NW_022145108.1	5029	686	0.14	0	17
NW_022145108.1_region	0	0	0.00	0	0
NW_022145109.1	5000	38	0.01	0	2
NW_022145109.1_region	0	0	0.00	0	0
NW_022145111.1	4972	258	0.05	0	4
NW_022145111.1_region	0	0	0.00	0	0
NW_022145112.1	4951	414	0.08	0	4
NW_022145112.1_region	0	0	0.00	0	0
NW_022145113.1	4927	39	0.01	0	2
NW_022145113.1_region	2625	39	0.01	0	2
NW_022145114.1	4917	708	0.14	0	6
NW_022145114.1_region	0	0	0.00	0	0
NW_022145115.1	4906	340	0.07	0	4
NW_022145115.1_region	0	0	0.00	0	0
NW_022145116.1	4896	325	0.07	0	6
NW_022145116.1_region	0	0	0.00	0	0
NW_022145117.1	47376	51432	1.09	0	113
NW_022145117.1_region	0	0	0.00	0	0
NW_022145118.1	4884	684	0.14	0	11
NW_022145118.1_region	0	0	0.00	0	0
NW_022145119.1	4868	263	0.05	0	6
NW_022145119.1_region	0	0	0.00	0	0
NW_022145120.1	4846	1096	0.23	0	16
NW_022145120.1_region	0	0	0.00	0	0
NW_022145121.1	4840	38	0.01	0	2
NW_022145121.1_region	0	0	0.00	0	0
NW_022145122.1	4808	203	0.04	0	4
NW_022145122.1_region	0	0	0.00	0	0
NW_022145123.1	4782	180	0.04	0	6
NW_022145123.1_region	0	0	0.00	0	0
NW_022145124.1	4764	23	0.00	0	1
NW_022145124.1_region	0	0	0.00	0	0
NW_022145125.1	4758	369	0.08	0	4
NW_022145125.1_region	0	0	0.00	0	0
NW_022145126.1	4727	158	0.03	0	2
NW_022145126.1_region	0	0	0.00	0	0
NW_022145127.1	4706	308	0.07	0	7
NW_022145127.1_region	0	0	0.00	0	0
NW_022145128.1	91882	14704	0.16	0	43
NW_022145128.1_region	0	0	0.00	0	0
NW_022145129.1	2752	4615	1.68	0	50
NW_022145129.1_region	0	0	0.00	0	0
NW_022145130.1	4677	76	0.02	0	4
NW_022145130.1_region	0	0	0.00	0	0
NW_022145131.1	4671	344	0.07	0	8
NW_022145131.1_region	0	0	0.00	0	0
NW_022145132.1	4669	116	0.02	0	2
NW_022145132.1_region	0	0	0.00	0	0
NW_022145133.1	4668	794	0.17	0	17
NW_022145133.1_region	0	0	0.00	0	0
NW_022145134.1	4653	60	0.01	0	1
NW_022145134.1_region	717	0	0.00	0	0
NW_022145135.1	4651	613	0.13	0	8
NW_022145135.1_region	0	0	0.00	0	0
NW_022145136.1	4645	59	0.01	0	2
NW_022145136.1_region	0	0	0.00	0	0
NW_022145137.1	4640	483	0.10	0	12
NW_022145137.1_region	0	0	0.00	0	0
NW_022145138.1	4620	299	0.06	0	4
NW_022145138.1_region	0	0	0.00	0	0
NW_022145139.1	94356	1395533	14.79	0	1551
NW_022145139.1_region	882	19814	22.46	0	52
NW_022145140.1	4613	262	0.06	0	9
NW_022145140.1_region	0	0	0.00	0	0
NW_022145141.1	4575	313	0.07	0	4
NW_022145141.1_region	0	0	0.00	0	0
NW_022145142.1	4559	292	0.06	0	4
NW_022145142.1_region	0	0	0.00	0	0
NW_022145143.1	4528	544	0.12	0	6
NW_022145143.1_region	0	0	0.00	0	0
NW_022145144.1	4497	198	0.04	0	6
NW_022145144.1_region	0	0	0.00	0	0
NW_022145145.1	4490	198	0.04	0	8
NW_022145145.1_region	0	0	0.00	0	0
NW_022145146.1	4434	205	0.05	0	5
NW_022145146.1_region	0	0	0.00	0	0
NW_022145148.1	4412	78	0.02	0	2
NW_022145148.1_region	0	0	0.00	0	0
NW_022145149.1	4409	14318	3.25	0	30
NW_022145149.1_region	534	5224	9.78	1	30
NW_022145150.1	68008	139125	2.05	0	279
NW_022145150.1_region	0	0	0.00	0	0
NW_022145151.1	4402	345	0.08	0	8
NW_022145151.1_region	0	0	0.00	0	0
NW_022145152.1	4394	15626	3.56	0	25
NW_022145152.1_region	532	5454	10.25	0	25
NW_022145153.1	4383	308	0.07	0	2
NW_022145153.1_region	311	0	0.00	0	0
NW_022145154.1	4376	272	0.06	0	6
NW_022145154.1_region	0	0	0.00	0	0
NW_022145155.1	4348	187	0.04	0	4
NW_022145155.1_region	0	0	0.00	0	0
NW_022145156.1	4334	927	0.21	0	16
NW_022145156.1_region	0	0	0.00	0	0
NW_022145157.1	4293	99	0.02	0	4
NW_022145157.1_region	0	0	0.00	0	0
NW_022145158.1	4264	243	0.06	0	6
NW_022145158.1_region	0	0	0.00	0	0
NW_022145159.1	4175	2659	0.64	0	7
NW_022145159.1_region	0	0	0.00	0	0
NW_022145160.1	4161	114	0.03	0	4
NW_022145160.1_region	0	0	0.00	0	0
NW_022145161.1	115902	212114	1.83	0	64
NW_022145161.1_region	0	0	0.00	0	0
NW_022145162.1	4158	220	0.05	0	6
NW_022145162.1_region	0	0	0.00	0	0
NW_022145163.1	4151	243	0.06	0	4
NW_022145163.1_region	0	0	0.00	0	0
NW_022145164.1	4108	454	0.11	0	12
NW_022145164.1_region	0	0	0.00	0	0
NW_022145165.1	4090	366	0.09	0	6
NW_022145165.1_region	0	0	0.00	0	0
NW_022145166.1	4087	156	0.04	0	4
NW_022145166.1_region	0	0	0.00	0	0
NW_022145167.1	4077	294	0.07	0	9
NW_022145167.1_region	0	0	0.00	0	0
NW_022145168.1	4077	140	0.03	0	4
NW_022145168.1_region	888	44	0.05	0	2
NW_022145169.1	4076	202	0.05	0	4
NW_022145169.1_region	0	0	0.00	0	0
NW_022145170.1	4072	5977	1.47	0	11
NW_022145170.1_region	0	0	0.00	0	0
NW_022145171.1	4046	231	0.06	0	11
NW_022145171.1_region	0	0	0.00	0	0
NW_022145172.1	67843	121455	1.79	0	385
NW_022145172.1_region	0	0	0.00	0	0
NW_022145173.1	4043	217	0.05	0	6
NW_022145173.1_region	0	0	0.00	0	0
NW_022145174.1	3970	207	0.05	0	4
NW_022145174.1_region	362	0	0.00	0	0
NW_022145175.1	3944	230	0.06	0	4
NW_022145175.1_region	0	0	0.00	0	0
NW_022145176.1	3937	40	0.01	0	2
NW_022145176.1_region	0	0	0.00	0	0
NW_022145177.1	3926	194	0.05	0	4
NW_022145177.1_region	0	0	0.00	0	0
NW_022145178.1	3913	186	0.05	0	6
NW_022145178.1_region	0	0	0.00	0	0
NW_022145180.1	3861	289	0.07	0	6
NW_022145180.1_region	0	0	0.00	0	0
NW_022145181.1	3845	370	0.10	0	10
NW_022145181.1_region	0	0	0.00	0	0
NW_022145183.1	35970	18414	0.51	0	41
NW_022145183.1_region	0	0	0.00	0	0
NW_022145184.1	3822	171	0.04	0	4
NW_022145184.1_region	0	0	0.00	0	0
NW_022145185.1	3818	616	0.16	0	12
NW_022145185.1_region	0	0	0.00	0	0
NW_022145186.1	3774	113	0.03	0	2
NW_022145186.1_region	0	0	0.00	0	0
NW_022145187.1	3757	218	0.06	0	4
NW_022145187.1_region	0	0	0.00	0	0
NW_022145188.1	3756	930	0.25	0	14
NW_022145188.1_region	0	0	0.00	0	0
NW_022145189.1	1796	779	0.43	0	4
NW_022145189.1_region	0	0	0.00	0	0
NW_022145190.1	3752	172	0.05	0	6
NW_022145190.1_region	0	0	0.00	0	0
NW_022145192.1	3728	275	0.07	0	6
NW_022145192.1_region	0	0	0.00	0	0
NW_022145194.1	44435	64683	1.46	0	608
NW_022145194.1_region	0	0	0.00	0	0
NW_022145195.1	3675	241	0.07	0	4
NW_022145195.1_region	0	0	0.00	0	0
NW_022145196.1	3656	1642	0.45	0	27
NW_022145196.1_region	0	0	0.00	0	0
NW_022145198.1	3572	76	0.02	0	4
NW_022145198.1_region	0	0	0.00	0	0
NW_022145199.1	3560	13553	3.81	0	33
NW_022145199.1_region	0	0	0.00	0	0
NW_022145200.1	3523	128	0.04	0	4
NW_022145200.1_region	0	0	0.00	0	0
NW_022145202.1	3511	1899	0.54	0	15
NW_022145202.1_region	0	0	0.00	0	0
NW_022145203.1	3498	102	0.03	0	2
NW_022145203.1_region	0	0	0.00	0	0
NW_022145204.1	3481	1041	0.30	0	16
NW_022145204.1_region	881	839	0.95	0	16
NW_022145205.1	79806	893318	11.19	0	1168
NW_022145205.1_region	0	0	0.00	0	0
NW_022145206.1	3465	116	0.03	0	2
NW_022145206.1_region	0	0	0.00	0	0
NW_022145207.1	3398	17251	5.08	0	32
NW_022145207.1_region	0	0	0.00	0	0
NW_022145208.1	3377	198	0.06	0	4
NW_022145208.1_region	0	0	0.00	0	0
NW_022145209.1	3370	13208	3.92	0	26
NW_022145209.1_region	0	0	0.00	0	0
NW_022145210.1	3355	291	0.09	0	10
NW_022145210.1_region	0	0	0.00	0	0
NW_022145211.1	3352	116	0.03	0	4
NW_022145211.1_region	259	14	0.05	0	2
NW_022145212.1	3330	13705	4.12	0	27
NW_022145212.1_region	0	0	0.00	0	0
NW_022145213.1	3323	171509	51.61	0	112
NW_022145213.1_region	0	0	0.00	0	0
NW_022145214.1	3314	12159	3.67	0	19
NW_022145214.1_region	0	0	0.00	0	0
NW_022145215.1	3309	217	0.07	0	3
NW_022145215.1_region	0	0	0.00	0	0
NW_022145216.1	46122	413967	8.98	0	188
NW_022145216.1_region	0	0	0.00	0	0
NW_022145217.1	3298	229	0.07	0	8
NW_022145217.1_region	0	0	0.00	0	0
NW_022145218.1	3258	527	0.16	0	14
NW_022145218.1_region	0	0	0.00	0	0
NW_022145219.1	3240	267	0.08	0	4
NW_022145219.1_region	0	0	0.00	0	0
NW_022145220.1	3239	5044	1.56	0	30
NW_022145220.1_region	0	0	0.00	0	0
NW_022145221.1	3235	5066	1.57	0	14
NW_022145221.1_region	0	0	0.00	0	0
NW_022145222.1	3233	5716	1.77	0	15
NW_022145222.1_region	0	0	0.00	0	0
NW_022145223.1	3216	274	0.09	0	4
NW_022145223.1_region	0	0	0.00	0	0
NW_022145224.1	3205	13094	4.09	0	18
NW_022145224.1_region	0	0	0.00	0	0
NW_022145226.1	3194	163	0.05	0	3
NW_022145226.1_region	0	0	0.00	0	0
NW_022145227.1	47480	204187	4.30	0	541
NW_022145227.1_region	0	0	0.00	0	0
NW_022145228.1	3187	96774	30.37	0	167
NW_022145228.1_region	603	45696	75.78	0	167
NW_022145229.1	3176	244	0.08	0	8
NW_022145229.1_region	0	0	0.00	0	0
NW_022145230.1	3167	18303	5.78	0	18
NW_022145230.1_region	0	0	0.00	0	0
NW_022145231.1	3161	51	0.02	0	2
NW_022145231.1_region	0	0	0.00	0	0
NW_022145233.1	3154	29954	9.50	0	166
NW_022145233.1_region	0	0	0.00	0	0
NW_022145234.1	3141	152	0.05	0	6
NW_022145234.1_region	0	0	0.00	0	0
NW_022145235.1	3124	16358	5.24	0	42
NW_022145235.1_region	0	0	0.00	0	0
NW_022145236.1	3116	76	0.02	0	4
NW_022145236.1_region	0	0	0.00	0	0
NW_022145237.1	3114	10485	3.37	0	33
NW_022145237.1_region	0	0	0.00	0	0
NW_022145238.1	45709	161701	3.54	0	110
NW_022145238.1_region	0	0	0.00	0	0
NW_022145239.1	3091	135	0.04	0	2
NW_022145239.1_region	0	0	0.00	0	0
NW_022145240.1	3085	188	0.06	0	5
NW_022145240.1_region	0	0	0.00	0	0
NW_022145241.1	3074	14145	4.60	0	106
NW_022145241.1_region	0	0	0.00	0	0
NW_022145242.1	3062	372	0.12	0	8
NW_022145242.1_region	0	0	0.00	0	0
NW_022145243.1	3046	78	0.03	0	2
NW_022145243.1_region	0	0	0.00	0	0
NW_022145244.1	3045	445	0.15	0	8
NW_022145244.1_region	0	0	0.00	0	0
NW_022145245.1	3020	213	0.07	0	4
NW_022145245.1_region	0	0	0.00	0	0
NW_022145247.1	2958	6898	2.33	0	12
NW_022145247.1_region	0	0	0.00	0	0
NW_022145248.1	2949	123	0.04	0	2
NW_022145248.1_region	0	0	0.00	0	0
NW_022145249.1	29338	201046	6.85	0	614
NW_022145249.1_region	0	0	0.00	0	0
NW_022145251.1	2939	20558	6.99	0	43
NW_022145251.1_region	0	0	0.00	0	0
NW_022145252.1	2904	40	0.01	0	2
NW_022145252.1_region	0	0	0.00	0	0
NW_022145253.1	2889	19150	6.63	0	30
NW_022145253.1_region	0	0	0.00	0	0
NW_022145254.1	2888	297	0.10	0	10
NW_022145254.1_region	0	0	0.00	0	0
NW_022145255.1	2888	21047	7.29	0	50
NW_022145255.1_region	0	0	0.00	0	0
NW_022145256.1	2876	42346	14.72	0	93
NW_022145256.1_region	0	0	0.00	0	0
NW_022145257.1	2866	114	0.04	0	4
NW_022145257.1_region	0	0	0.00	0	0
NW_022145258.1	2861	38	0.01	0	2
NW_022145258.1_region	0	0	0.00	0	0
NW_022145259.1	1344	5794	4.31	0	35
NW_022145259.1_region	0	0	0.00	0	0
NW_022145260.1	47144	113892	2.42	0	364
NW_022145260.1_region	0	0	0.00	0	0
NW_022145261.1	2843	38	0.01	0	2
NW_022145261.1_region	0	0	0.00	0	0
NW_022145264.1	2772	101	0.04	0	4
NW_022145264.1_region	0	0	0.00	0	0
NW_022145265.1	2767	100	0.04	0	5
NW_022145265.1_region	0	0	0.00	0	0
NW_022145266.1	2759	76	0.03	0	4
NW_022145266.1_region	0	0	0.00	0	0
NW_022145267.1	2749	16831	6.12	0	41
NW_022145267.1_region	0	0	0.00	0	0
NW_022145268.1	2741	268	0.10	0	6
NW_022145268.1_region	0	0	0.00	0	0
NW_022145269.1	2728	76	0.03	0	2
NW_022145269.1_region	0	0	0.00	0	0
NW_022145270.1	2717	101	0.04	0	2
NW_022145270.1_region	0	0	0.00	0	0
NW_022145271.1	63049	97742	1.55	0	106
NW_022145271.1_region	0	0	0.00	0	0
NW_022145272.1	2707	313	0.12	0	5
NW_022145272.1_region	0	0	0.00	0	0
NW_022145273.1	2703	134	0.05	0	2
NW_022145273.1_region	0	0	0.00	0	0
NW_022145274.1	868	300	0.35	0	2
NW_022145274.1_region	0	0	0.00	0	0
NW_022145275.1	2658	86	0.03	0	2
NW_022145275.1_region	0	0	0.00	0	0
NW_022145276.1	2639	116	0.04	0	4
NW_022145276.1_region	0	0	0.00	0	0
NW_022145277.1	2636	242	0.09	0	6
NW_022145277.1_region	0	0	0.00	0	0
NW_022145278.1	2628	163	0.06	0	4
NW_022145278.1_region	0	0	0.00	0	0
NW_022145279.1	2612	176	0.07	0	4
NW_022145279.1_region	0	0	0.00	0	0
NW_022145280.1	2578	13649	5.29	0	58
NW_022145280.1_region	0	0	0.00	0	0
NW_022145281.1	2532	171	0.07	0	4
NW_022145281.1_region	0	0	0.00	0	0
NW_022145282.1	32392	35281	1.09	0	61
NW_022145282.1_region	0	0	0.00	0	0
NW_022145283.1	2515	3989	1.59	0	14
NW_022145283.1_region	0	0	0.00	0	0
NW_022145284.1	2502	163	0.07	0	5
NW_022145284.1_region	0	0	0.00	0	0
NW_022145285.1	2496	3601	1.44	0	17
NW_022145285.1_region	0	0	0.00	0	0
NW_022145286.1	2435	17790	7.31	0	61
NW_022145286.1_region	0	0	0.00	0	0
NW_022145288.1	2392	9549	3.99	0	65
NW_022145288.1_region	0	0	0.00	0	0
NW_022145289.1	2386	2078	0.87	0	11
NW_022145289.1_region	0	0	0.00	0	0
NW_022145291.1	2256	59	0.03	0	2
NW_022145291.1_region	0	0	0.00	0	0
NW_022145292.1	2232	23	0.01	0	1
NW_022145292.1_region	0	0	0.00	0	0
NW_022145293.1	59163	21921	0.37	0	27
NW_022145293.1_region	0	0	0.00	0	0
NW_022145295.1	2226	395	0.18	0	6
NW_022145295.1_region	0	0	0.00	0	0
NW_022145297.1	2217	47938	21.62	0	260
NW_022145297.1_region	0	0	0.00	0	0
NW_022145299.1	2192	19	0.01	0	1
NW_022145299.1_region	0	0	0.00	0	0
NW_022145300.1	2175	238	0.11	0	8
NW_022145300.1_region	0	0	0.00	0	0
NW_022145301.1	2168	2074	0.96	0	9
NW_022145301.1_region	0	0	0.00	0	0
NW_022145302.1	2157	63249	29.32	0	112
NW_022145302.1_region	0	0	0.00	0	0
NW_022145303.1	2145	413	0.19	0	17
NW_022145303.1_region	0	0	0.00	0	0
NW_022145304.1	32983	33796	1.02	0	51
NW_022145304.1_region	0	0	0.00	0	0
NW_022145305.1	2135	85	0.04	0	1
NW_022145305.1_region	0	0	0.00	0	0
NW_022145306.1	2133	40	0.02	0	2
NW_022145306.1_region	0	0	0.00	0	0
NW_022145307.1	2129	88	0.04	0	4
NW_022145307.1_region	0	0	0.00	0	0
NW_022145308.1	2118	759	0.36	0	21
NW_022145308.1_region	306	84	0.27	0	4
NW_022145309.1	2105	198	0.09	0	3
NW_022145309.1_region	0	0	0.00	0	0
NW_022145311.1	2070	1062	0.51	0	16
NW_022145311.1_region	0	0	0.00	0	0
NW_022145312.1	2062	10979	5.32	0	35
NW_022145312.1_region	0	0	0.00	0	0
NW_022145314.1	2052	38	0.02	0	2
NW_022145314.1_region	0	0	0.00	0	0
NW_022145315.1	56963	93425	1.64	0	59
NW_022145315.1_region	0	0	0.00	0	0
NW_022145316.1	2045	20	0.01	0	1
NW_022145316.1_region	0	0	0.00	0	0
NW_022145317.1	2026	384	0.19	0	9
NW_022145317.1_region	0	0	0.00	0	0
NW_022145318.1	1994	6698	3.36	0	18
NW_022145318.1_region	0	0	0.00	0	0
NW_022145319.1	1994	3740	1.88	0	20
NW_022145319.1_region	0	0	0.00	0	0
NW_022145320.1	1992	28	0.01	0	1
NW_022145320.1_region	0	0	0.00	0	0
NW_022145321.1	1988	117	0.06	0	2
NW_022145321.1_region	0	0	0.00	0	0
NW_022145322.1	1981	80	0.04	0	4
NW_022145322.1_region	0	0	0.00	0	0
NW_022145323.1	1965	8723	4.44	0	21
NW_022145323.1_region	0	0	0.00	0	0
NW_022145324.1	1960	866	0.44	0	4
NW_022145324.1_region	329	399	1.21	0	4
NW_022145325.1	1946	122	0.06	0	3
NW_022145325.1_region	0	0	0.00	0	0
NW_022145326.1	57626	68079	1.18	0	36
NW_022145326.1_region	0	0	0.00	0	0
NW_022145327.1	1943	584	0.30	0	6
NW_022145327.1_region	0	0	0.00	0	0
NW_022145328.1	1939	80	0.04	0	2
NW_022145328.1_region	0	0	0.00	0	0
NW_022145329.1	1929	7375	3.82	0	41
NW_022145329.1_region	0	0	0.00	0	0
NW_022145330.1	1926	102	0.05	0	2
NW_022145330.1_region	0	0	0.00	0	0
NW_022145331.1	1861	12400	6.66	0	32
NW_022145331.1_region	0	0	0.00	0	0
NW_022145332.1	1839	19775	10.75	0	112
NW_022145332.1_region	0	0	0.00	0	0
NW_022145335.1	1806	13996	7.75	0	25
NW_022145335.1_region	0	0	0.00	0	0
NW_022145336.1	1754	7476	4.26	0	24
NW_022145336.1_region	0	0	0.00	0	0
NW_022145337.1	54544	250830	4.60	0	262
NW_022145337.1_region	0	0	0.00	0	0
NW_022145338.1	1727	38	0.02	0	2
NW_022145338.1_region	0	0	0.00	0	0
NW_022145340.1	1659	85	0.05	0	2
NW_022145340.1_region	0	0	0.00	0	0
NW_022145341.1	1599	183	0.11	0	6
NW_022145341.1_region	0	0	0.00	0	0
NW_022145342.1	1579	28	0.02	0	1
NW_022145342.1_region	0	0	0.00	0	0
NW_022145343.1	1570	240	0.15	0	12
NW_022145343.1_region	0	0	0.00	0	0
NW_022145344.1	1553	116	0.07	0	4
NW_022145344.1_region	0	0	0.00	0	0
NW_022145345.1	1540	1151	0.75	0	4
NW_022145345.1_region	0	0	0.00	0	0
NW_022145346.1	1528	807	0.53	0	4
NW_022145346.1_region	0	0	0.00	0	0
NW_022145347.1	1523	24938	16.37	0	109
NW_022145347.1_region	0	0	0.00	0	0
NW_022145348.1	76140	121702	1.60	0	155
NW_022145348.1_region	0	0	0.00	0	0
NW_022145349.1	1511	18281	12.10	0	133
NW_022145349.1_region	0	0	0.00	0	0
NW_022145350.1	1492	115	0.08	0	2
NW_022145350.1_region	0	0	0.00	0	0
NW_022145351.1	1491	61	0.04	0	2
NW_022145351.1_region	0	0	0.00	0	0
NW_022145352.1	1490	40	0.03	0	2
NW_022145352.1_region	0	0	0.00	0	0
NW_022145355.1	1460	200	0.14	0	4
NW_022145355.1_region	0	0	0.00	0	0
NW_022145356.1	1428	81	0.06	0	2
NW_022145356.1_region	0	0	0.00	0	0
NW_022145357.1	1387	94	0.07	0	2
NW_022145357.1_region	0	0	0.00	0	0
NW_022145358.1	1384	698	0.50	0	6
NW_022145358.1_region	0	0	0.00	0	0
NW_022145359.1	60007	162877	2.71	0	280
NW_022145359.1_region	0	0	0.00	0	0
NW_022145360.1	1362	7851	5.76	0	25
NW_022145360.1_region	0	0	0.00	0	0
NW_022145361.1	1362	40	0.03	0	2
NW_022145361.1_region	0	0	0.00	0	0
NW_022145363.1	1277	10144	7.94	0	28
NW_022145363.1_region	0	0	0.00	0	0
NW_022145364.1	1265	45	0.04	0	1
NW_022145364.1_region	0	0	0.00	0	0
NW_022145365.1	1255	2723	2.17	0	8
NW_022145365.1_region	0	0	0.00	0	0
NW_022145366.1	1254	2195	1.75	0	9
NW_022145366.1_region	0	0	0.00	0	0
NW_022145367.1	1154	459	0.40	0	7
NW_022145367.1_region	0	0	0.00	0	0
NW_022145369.1	1099	2690	2.45	0	8
NW_022145369.1_region	0	0	0.00	0	0
NW_022145370.1	74314	26548	0.36	0	121
NW_022145370.1_region	0	0	0.00	0	0
NW_022145371.1	1072	1230	1.15	0	5
NW_022145371.1_region	0	0	0.00	0	0
NW_022145372.1	1035	1802	1.74	0	9
NW_022145372.1_region	0	0	0.00	0	0
NW_022145374.1	1000	283	0.28	0	4
NW_022145374.1_region	0	0	0.00	0	0
NW_022145375.1	10000	25499	2.55	0	58
NW_022145375.1_region	0	0	0.00	0	0
NW_022145376.1	25000	692699	27.71	0	244
NW_022145376.1_region	1591	71081	44.68	0	244
NW_022145377.1	50000	303176	6.06	0	156
NW_022145377.1_region	612	9088	14.85	0	69
NW_022145378.1	26863	11636	0.43	0	278
NW_022145378.1_region	0	0	0.00	0	0
NW_022145379.1	23852	1110	0.05	0	8
NW_022145379.1_region	1275	0	0.00	0	0
NW_022145380.1	23611	1130	0.05	0	12
NW_022145380.1_region	1430	240	0.17	0	12
NW_022145381.1	55218	2198671	39.82	0	466
NW_022145381.1_region	0	0	0.00	0	0
NW_022145382.1	23435	1794	0.08	0	12
NW_022145382.1_region	0	0	0.00	0	0
NW_022145383.1	21401	568	0.03	0	4
NW_022145383.1_region	0	0	0.00	0	0
NW_022145384.1	19291	1547	0.08	0	26
NW_022145384.1_region	0	0	0.00	0	0
NW_022145385.1	18791	1034	0.06	0	4
NW_022145385.1_region	0	0	0.00	0	0
NW_022145386.1	18617	2047	0.11	0	20
NW_022145386.1_region	0	0	0.00	0	0
NW_022145387.1	17981	744	0.04	0	6
NW_022145387.1_region	0	0	0.00	0	0
NW_022145388.1	17946	1205	0.07	0	6
NW_022145388.1_region	0	0	0.00	0	0
NW_022145389.1	17857	1537	0.09	0	10
NW_022145389.1_region	0	0	0.00	0	0
NW_022145390.1	21857	2599	0.12	0	20
NW_022145390.1_region	589	0	0.00	0	0
NW_022145391.1	33930	2044	0.06	0	22
NW_022145391.1_region	0	0	0.00	0	0
NW_022145392.1	88843	12309	0.14	0	67
NW_022145392.1_region	0	0	0.00	0	0
NW_022145393.1	22373	2372	0.11	0	22
NW_022145393.1_region	0	0	0.00	0	0
NW_022145394.1	20846	5713	0.27	0	155
NW_022145394.1_region	0	0	0.00	0	0
NW_022145395.1	18089	1594	0.09	0	15
NW_022145395.1_region	1125	114	0.10	0	6
NW_022145396.1	15624	2179	0.14	0	20
NW_022145396.1_region	0	0	0.00	0	0
NW_022145397.1	15314	905	0.06	0	8
NW_022145397.1_region	3172	60	0.02	0	4
NW_022145398.1	146455	530	0.00	0	4
NW_022145398.1_region	0	0	0.00	0	0
NW_022145399.1	17799	1067	0.06	0	6
NW_022145399.1_region	0	0	0.00	0	0
NW_022145400.1	17257	1170	0.07	0	14
NW_022145400.1_region	1338	0	0.00	0	0
NW_022145401.1	16486	1991	0.12	0	14
NW_022145401.1_region	573	0	0.00	0	0
NW_022145402.1	15178	2249	0.15	0	21
NW_022145402.1_region	0	0	0.00	0	0
NW_022145403.1	45037	1451	0.03	0	10
NW_022145403.1_region	0	0	0.00	0	0
NW_022145404.1	57045	331	0.01	0	2
NW_022145404.1_region	0	0	0.00	0	0
NW_022145405.1	22053	2725	0.12	0	48
NW_022145405.1_region	0	0	0.00	0	0
NW_022145406.1	43925	103040	2.35	0	166
NW_022145406.1_region	0	0	0.00	0	0
NW_022145407.1	24217	2181	0.09	0	25
NW_022145407.1_region	5022	0	0.00	0	0
NW_022145408.1	16015	778	0.05	0	7
NW_022145408.1_region	0	0	0.00	0	0
NW_022145409.1	71395	90379	1.27	0	80
NW_022145409.1_region	0	0	0.00	0	0
NW_022145410.1	73525	2512018	34.17	0	300
NW_022145410.1_region	0	0	0.00	0	0
NW_022145411.1	16065	1606	0.10	0	16
NW_022145411.1_region	740	0	0.00	0	0
NW_022145412.1	20205	1089	0.05	0	8
NW_022145412.1_region	0	0	0.00	0	0
NW_022145413.1	31795	31426	0.99	0	26
NW_022145413.1_region	0	0	0.00	0	0
NW_022145414.1	15341	869	0.06	0	7
NW_022145414.1_region	0	0	0.00	0	0
NW_022145415.1	60355	111981	1.86	0	26
NW_022145415.1_region	0	0	0.00	0	0
NW_022145416.1	16986	2197	0.13	0	18
NW_022145416.1_region	1207	120	0.10	0	6
NW_022145417.1	51512	3732	0.07	0	10
NW_022145417.1_region	0	0	0.00	0	0
NW_022145418.1	17001	1380	0.08	0	11
NW_022145418.1_region	0	0	0.00	0	0
NW_022145419.1	67720	82990	1.23	0	60
NW_022145419.1_region	2640	7697	2.92	0	15
NW_022145420.1	35402	6449	0.18	0	19
NW_022145420.1_region	0	0	0.00	0	0
NW_022145421.1	23454	9173	0.39	0	151
NW_022145421.1_region	1191	0	0.00	0	0
NW_022145422.1	78273	126252	1.61	0	62
NW_022145422.1_region	0	0	0.00	0	0
NW_022145423.1	126508	7184	0.06	0	21
NW_022145423.1_region	0	0	0.00	0	0
NW_022145424.1	62776	116616	1.86	0	113
NW_022145424.1_region	0	0	0.00	0	0
NW_022145425.1	30360	14315	0.47	0	61
NW_022145425.1_region	0	0	0.00	0	0
NW_022145426.1	79185	8086	0.10	0	9
NW_022145426.1_region	0	0	0.00	0	0
NW_022145427.1	152116	241270	1.59	0	55
NW_022145427.1_region	10674	206927	19.39	0	55
NW_022145428.1	65691	325391	4.95	0	502
NW_022145428.1_region	0	0	0.00	0	0
NW_022145429.1	66232	682937	10.31	0	826
NW_022145429.1_region	919	3910	4.25	0	15
NW_022145430.1	42199	52002	1.23	0	110
NW_022145430.1_region	0	0	0.00	0	0
NW_022145431.1	56568	1193139	21.09	0	1087
NW_022145431.1_region	3939	69284	17.59	0	77
NW_022145432.1	111484	583081	5.23	0	1256
NW_022145432.1_region	0	0	0.00	0	0
NW_022145433.1	30854	13134	0.43	0	15
NW_022145433.1_region	0	0	0.00	0	0
NW_022145434.1	18775	1314	0.07	0	19
NW_022145434.1_region	0	0	0.00	0	0
NW_022145435.1	122365	368828	3.01	0	424
NW_022145435.1_region	0	0	0.00	0	0
NW_022145436.1	31453	7642	0.24	0	18
NW_022145436.1_region	0	0	0.00	0	0
NW_022145437.1	105348	1098147	10.42	0	766
NW_022145437.1_region	1621	41952	25.88	0	48
NW_022145438.1	53375	226835	4.25	0	1401
NW_022145438.1_region	0	0	0.00	0	0
NW_022145439.1	77972	365964	4.69	0	445
NW_022145439.1_region	0	0	0.00	0	0
NW_022145440.1	82617	581378	7.04	0	226
NW_022145440.1_region	0	0	0.00	0	0
NW_022145441.1	62133	208068	3.35	0	1149
NW_022145441.1_region	0	0	0.00	0	0
NW_022145442.1	41935	5321	0.13	0	23
NW_022145442.1_region	0	0	0.00	0	0
NW_022145443.1	40287	287423	7.13	0	201
NW_022145443.1_region	0	0	0.00	0	0
NW_022145444.1	25197	34879	1.38	0	107
NW_022145444.1_region	0	0	0.00	0	0
NW_022145445.1	64732	60342	0.93	0	45
NW_022145445.1_region	0	0	0.00	0	0
NW_022145446.1	65218	394273	6.05	0	226
NW_022145446.1_region	0	0	0.00	0	0
NW_022145447.1	15922	4702	0.30	0	62
NW_022145447.1_region	0	0	0.00	0	0
NW_022145448.1	107340	12965	0.12	0	27
NW_022145448.1_region	0	0	0.00	0	0
NW_022145449.1	63868	31182	0.49	0	157
NW_022145449.1_region	0	0	0.00	0	0
NW_022145450.1	33901	14171	0.42	0	68
NW_022145450.1_region	0	0	0.00	0	0
NW_022145451.1	25217	21752	0.86	0	57
NW_022145451.1_region	0	0	0.00	0	0
NW_022145452.1	61174	3458	0.06	0	17
NW_022145452.1_region	0	0	0.00	0	0
NW_022145453.1	70260	67701	0.96	0	214
NW_022145453.1_region	0	0	0.00	0	0
NW_022145454.1	46400	26310	0.57	0	156
NW_022145454.1_region	0	0	0.00	0	0
NW_022145455.1	47120	15208	0.32	0	70
NW_022145455.1_region	0	0	0.00	0	0
NW_022145456.1	130804	1598042	12.22	0	1638
NW_022145456.1_region	4653	5257	1.13	0	20
NW_022145457.1	100977	1808754	17.91	0	1551
NW_022145457.1_region	6696	11975	1.79	0	7
NW_022145458.1	16456	1996	0.12	0	33
NW_022145458.1_region	0	0	0.00	0	0
NW_022145459.1	25000	1251878	50.08	0	1379
NW_022145459.1_region	0	0	0.00	0	0
NW_022145460.1	50000	676599	13.53	0	135
NW_022145460.1_region	650	30178	46.43	11	79
NW_022145461.1	50000	1147907	22.96	0	471
NW_022145461.1_region	3013	127824	42.42	0	129
NW_022145462.1	50000	787759	15.76	0	395
NW_022145462.1_region	8349	349049	41.81	0	326
NW_022145463.1	50000	2014988	40.30	0	1000
NW_022145463.1_region	1710	49072	28.70	0	124
NW_022145464.1	50000	2876656	57.53	0	3473
NW_022145464.1_region	1987	45427	22.86	0	70
NW_022145465.1	15000	412015	27.47	0	300
NW_022145465.1_region	2130	58517	27.47	0	91
NW_022145466.1	5000	7324	1.46	0	29
NW_022145466.1_region	0	0	0.00	0	0
NW_022145467.1	25000	207061	8.28	0	135
NW_022145467.1_region	854	18421	21.57	0	49
NW_022145468.1	25000	804	0.03	0	2
NW_022145468.1_region	0	0	0.00	0	0
NW_022145469.1	86957	123565	1.42	0	267
NW_022145469.1_region	0	0	0.00	0	0
NW_022145470.1	5000	26644	5.33	0	179
NW_022145470.1_region	0	0	0.00	0	0
NW_022145471.1	25000	938795	37.55	0	759
NW_022145471.1_region	0	0	0.00	0	0
NW_022145472.1	25000	196286	7.85	0	99
NW_022145472.1_region	0	0	0.00	0	0
NW_022145473.1	25000	36796	1.47	0	38
NW_022145473.1_region	0	0	0.00	0	0
NW_022145474.1	25000	340556	13.62	0	317
NW_022145474.1_region	4583	41539	9.06	0	178
NW_022145475.1	1000	132	0.13	0	6
NW_022145475.1_region	0	0	0.00	0	0
NW_022145476.1	50000	1385683	27.71	0	417
NW_022145476.1_region	5958	108477	18.21	2	55
NW_022145477.1	25000	298037	11.92	0	181
NW_022145477.1_region	1769	41141	23.26	0	173
NW_022145478.1	50000	468480	9.37	0	314
NW_022145478.1_region	1912	116908	61.14	12	90
NW_022145479.1	5000	42416	8.48	0	52
NW_022145479.1_region	0	0	0.00	0	0
NW_022145480.1	15847	1085	0.07	0	10
NW_022145480.1_region	0	0	0.00	0	0
NW_022145481.1	25000	266181	10.65	0	92
NW_022145481.1_region	1828	58521	32.01	0	88
NW_022145482.1	25000	295574	11.82	0	214
NW_022145482.1_region	6670	57902	8.68	0	63
NW_022145483.1	25000	123723	4.95	0	165
NW_022145483.1_region	0	0	0.00	0	0
NW_022145484.1	5000	300943	60.19	0	270
NW_022145484.1_region	1920	171780	89.47	0	270
NW_022145485.1	5000	183665	36.73	0	661
NW_022145485.1_region	0	0	0.00	0	0
NW_022145486.1	5000	65604	13.12	0	166
NW_022145486.1_region	0	0	0.00	0	0
NW_022145487.1	50000	686117	13.72	0	578
NW_022145487.1_region	5526	199260	36.06	0	116
NW_022145488.1	40000	3842	0.10	0	7
NW_022145488.1_region	0	0	0.00	0	0
NW_022145489.1	25000	469329	18.77	0	281
NW_022145489.1_region	4981	206259	41.41	0	165
NW_022145490.1	50000	671409	13.43	0	313
NW_022145490.1_region	0	0	0.00	0	0
NW_022145491.1	115136	45857	0.40	0	363
NW_022145491.1_region	0	0	0.00	0	0
NW_022145492.1	50000	131877	2.64	0	366
NW_022145492.1_region	538	8617	16.02	0	45
NW_022145493.1	50000	1251037	25.02	0	556
NW_022145493.1_region	1727	43929	25.44	0	58
NW_022145494.1	25000	283968	11.36	0	109
NW_022145494.1_region	0	0	0.00	0	0
NW_022145495.1	50000	820276	16.41	0	350
NW_022145495.1_region	0	0	0.00	0	0
NW_022145496.1	25000	898630	35.95	0	365
NW_022145496.1_region	3257	232016	71.24	0	308
NW_022145497.1	25000	105811	4.23	0	181
NW_022145497.1_region	0	0	0.00	0	0
NW_022145498.1	25000	493486	19.74	0	345
NW_022145498.1_region	2020	134286	66.48	0	122
NW_022145499.1	50000	1563746	31.27	0	813
NW_022145499.1_region	2727	139032	50.98	0	296
NW_022145500.1	25000	426989	17.08	0	381
NW_022145500.1_region	0	0	0.00	0	0
NW_022145501.1	25000	941461	37.66	0	660
NW_022145501.1_region	0	0	0.00	0	0
NW_022145502.1	61323	17350	0.28	0	215
NW_022145502.1_region	0	0	0.00	0	0
NW_022145503.1	25000	519447	20.78	0	320
NW_022145503.1_region	0	0	0.00	0	0
NW_022145504.1	25000	372853	14.91	0	553
NW_022145504.1_region	818	24849	30.38	6	61
NW_022145505.1	25000	2329	0.09	0	3
NW_022145505.1_region	0	0	0.00	0	0
NW_022145506.1	50000	373354	7.47	0	290
NW_022145506.1_region	5037	59192	11.75	0	63
NW_022145507.1	240000	1675047	6.98	0	635
NW_022145507.1_region	27118	129725	4.78	0	90
NW_022145508.1	256744	927531	3.61	0	240
NW_022145508.1_region	10955	287606	26.25	0	87
NW_022145509.1	50000	807860	16.16	0	119
NW_022145509.1_region	5447	204344	37.51	0	112
NW_022145510.1	50000	936341	18.73	0	443
NW_022145510.1_region	4232	350333	82.78	6	443
NW_022145511.1	125000	1139741	9.12	0	548
NW_022145511.1_region	956	7372	7.71	0	37
NW_022145512.1	264514	7730053	29.22	0	5700
NW_022145512.1_region	12524	371224	29.64	0	107
NW_022145513.1	15455	855	0.06	0	8
NW_022145513.1_region	0	0	0.00	0	0
NW_022145514.1	1221726	23057592	18.87	0	2056
NW_022145514.1_region	109282	3354588	30.70	0	814
NW_022145515.1	446053	7629854	17.11	0	1074
NW_022145515.1_region	26078	620666	23.80	0	231
NW_022145516.1	1773824	43188109	24.35	0	4307
NW_022145516.1_region	80432	2777381	34.53	0	1167
NW_022145517.1	410634	7197107	17.53	0	1013
NW_022145517.1_region	36382	922059	25.34	0	224
NW_022145518.1	296294	3733751	12.60	0	740
NW_022145518.1_region	33611	668023	19.88	0	175
NW_022145519.1	501666	9784294	19.50	0	1632
NW_022145519.1_region	63098	1928317	30.56	0	421
NW_022145520.1	2604766	46854825	17.99	0	6979
NW_022145520.1_region	212256	5526500	26.04	0	342
NW_022145521.1	834627	15737695	18.86	0	3080
NW_022145521.1_region	62510	1806292	28.90	0	2936
NW_022145522.1	601000	11205140	18.64	0	2027
NW_022145522.1_region	57876	1198447	20.71	0	253
NW_022145523.1	367191	6916553	18.84	0	948
NW_022145523.1_region	27941	654401	23.42	0	144
NW_022145524.1	25673	11168	0.44	0	85
NW_022145524.1_region	1236	0	0.00	0	0
NW_022145525.1	496028	8834458	17.81	0	1499
NW_022145525.1_region	64256	1674412	26.06	0	1474
NW_022145526.1	2368880	53343673	22.52	0	1858
NW_022145526.1_region	177085	6308904	35.63	0	557
NW_022145527.1	766201	14457508	18.87	0	2613
NW_022145527.1_region	97046	2505086	25.81	0	151
NW_022145528.1	991221	18442599	18.61	0	5500
NW_022145528.1_region	65731	2227927	33.89	0	591
NW_022145529.1	437458	8152566	18.64	0	2885
NW_022145529.1_region	31770	911837	28.70	0	231
NW_022145530.1	684040	14459333	21.14	0	9995
NW_022145530.1_region	68328	2335310	34.18	0	8337
NW_022145531.1	219183	5405336	24.66	0	900
NW_022145531.1_region	23455	1220693	52.04	0	353
NW_022145532.1	1289379	21498581	16.67	0	1419
NW_022145532.1_region	144914	4023482	27.76	0	283
NW_022145533.1	364073	6979994	19.17	0	718
NW_022145533.1_region	43169	1206006	27.94	0	718
NW_022145534.1	1128541	20240079	17.93	0	2744
NW_022145534.1_region	98475	2363111	24.00	0	137
NW_022145535.1	17605	1517	0.09	0	8
NW_022145535.1_region	0	0	0.00	0	0
NW_022145536.1	139137	1400118	10.06	0	331
NW_022145536.1_region	8764	243413	27.77	0	93
NW_022145537.1	426703	9657171	22.63	0	2358
NW_022145537.1_region	41974	1471804	35.06	0	475
NW_022145538.1	583819	10658785	18.26	0	1847
NW_022145538.1_region	59943	1517706	25.32	0	286
NW_022145539.1	1685109	38704610	22.97	0	2105
NW_022145539.1_region	134438	3584624	26.66	0	462
NW_022145540.1	549706	9805648	17.84	0	724
NW_022145540.1_region	89642	2428273	27.09	0	211
NW_022145541.1	1073309	20801448	19.38	0	1295
NW_022145541.1_region	80966	2303329	28.45	0	711
NW_022145542.1	1383299	29081329	21.02	0	7764
NW_022145542.1_region	137462	3740423	27.21	0	172
NW_022145543.1	1596249	33105386	20.74	0	1729
NW_022145543.1_region	159260	6688004	41.99	0	1627
NW_022145544.1	2048326	32831684	16.03	0	1696
NW_022145544.1_region	218318	5301101	24.28	0	277
NW_022145545.1	1678063	31446299	18.74	0	7037
NW_022145545.1_region	224261	5866371	26.16	0	384
NW_022145546.1	53450	4075	0.08	0	91
NW_022145546.1_region	0	0	0.00	0	0
NW_022145547.1	2234538	39114839	17.50	0	1915
NW_022145547.1_region	219929	4762903	21.66	0	316
NW_022145548.1	722242	13897245	19.24	0	1117
NW_022145548.1_region	64020	1652015	25.80	0	403
NW_022145549.1	1791521	39288996	21.93	0	5942
NW_022145549.1_region	126550	3145445	24.86	0	1393
NW_022145550.1	1496376	24262513	16.21	0	2755
NW_022145550.1_region	125726	2906419	23.12	0	204
NW_022145551.1	2795456	64642655	23.12	0	6825
NW_022145551.1_region	254034	9157185	36.05	0	836
NW_022145552.1	2303257	42872807	18.61	0	2133
NW_022145552.1_region	247523	7157316	28.92	0	486
NW_022145553.1	1021577	17293700	16.93	0	2003
NW_022145553.1_region	75587	1848151	24.45	0	202
NW_022145554.1	2052140	36276013	17.68	0	1092
NW_022145554.1_region	246764	6498200	26.33	0	663
NW_022145555.1	898903	16836832	18.73	0	1581
NW_022145555.1_region	89441	2767552	30.94	0	607
NW_022145556.1	638884	8790546	13.76	0	1451
NW_022145556.1_region	7919	205666	25.97	0	150
NW_022145557.1	22264	1266	0.06	0	22
NW_022145557.1_region	840	0	0.00	0	0
NW_022145558.1	2570869	49038661	19.07	0	3838
NW_022145558.1_region	200527	5647479	28.16	0	3477
NW_022145559.1	1083236	30223610	27.90	0	1471
NW_022145559.1_region	88119	4151605	47.11	0	1055
NW_022145560.1	1242028	27306520	21.99	0	4088
NW_022145560.1_region	124116	3618323	29.15	0	562
NW_022145561.1	1175743	20768114	17.66	0	1089
NW_022145561.1_region	103482	4762740	46.02	0	708
NW_022145562.1	889695	17508795	19.68	0	4296
NW_022145562.1_region	54539	1164002	21.34	0	115
NW_022145563.1	1261903	27154854	21.52	0	4462
NW_022145563.1_region	137111	3580695	26.12	0	396
NW_022145564.1	710235	11846214	16.68	0	6054
NW_022145564.1_region	28828	1024461	35.54	0	350
NW_022145565.1	722416	11390034	15.77	0	1287
NW_022145565.1_region	75245	1633798	21.71	0	320
NW_022145566.1	3042594	53248620	17.50	0	4831
NW_022145566.1_region	348059	8178800	23.50	0	646
NW_022145567.1	781304	13889070	17.78	0	6807
NW_022145567.1_region	70878	1866213	26.33	0	578
NW_022145568.1	22583	1690	0.07	0	12
NW_022145568.1_region	0	0	0.00	0	0
NW_022145569.1	494736	10861031	21.95	0	11879
NW_022145569.1_region	33337	739256	22.18	0	899
NW_022145570.1	4944709	87386437	17.67	0	3484
NW_022145570.1_region	427930	12008911	28.06	0	1224
NW_022145571.1	1505274	33449501	22.22	0	16307
NW_022145571.1_region	141637	3593628	25.37	0	377
NW_022145572.1	1505788	23610023	15.68	0	1157
NW_022145572.1_region	118078	3547415	30.04	0	468
NW_022145573.1	529305	10004450	18.90	0	3766
NW_022145573.1_region	45206	1157849	25.61	0	188
NW_022145574.1	1404637	26710469	19.02	0	1095
NW_022145574.1_region	140119	4306434	30.73	0	388
NW_022145575.1	3300603	69710589	21.12	0	9896
NW_022145575.1_region	262357	6534232	24.91	0	3919
NW_022145576.1	2906720	59383778	20.43	0	2825
NW_022145576.1_region	257482	8299999	32.24	0	716
NW_022145577.1	252291	4906582	19.45	0	1298
NW_022145577.1_region	25499	535236	20.99	0	1298
NW_022145578.1	630834	9618843	15.25	0	1598
NW_022145578.1_region	79747	2322630	29.12	0	995
NW_022145579.1	83414	213702	2.56	0	149
NW_022145579.1_region	0	0	0.00	0	0
NW_022145580.1	1039218	17568028	16.91	0	1547
NW_022145580.1_region	107627	2545182	23.65	0	237
NW_022145581.1	427848	5975840	13.97	0	891
NW_022145581.1_region	47943	907253	18.92	0	267
NW_022145582.1	15763	870	0.06	0	7
NW_022145582.1_region	1211	114	0.09	0	6
NW_022145583.1	16615	562	0.03	0	6
NW_022145583.1_region	860	0	0.00	0	0
NW_022145584.1	16732	958	0.06	0	8
NW_022145584.1_region	702	0	0.00	0	0
NW_022145585.1	21525	1511	0.07	0	8
NW_022145585.1_region	0	0	0.00	0	0
NW_022145586.1	22644	986	0.04	0	5
NW_022145586.1_region	0	0	0.00	0	0
NW_022145587.1	22806	1273	0.06	0	14
NW_022145587.1_region	2589	0	0.00	0	0
NW_022145588.1	61109	1282	0.02	0	6
NW_022145588.1_region	0	0	0.00	0	0
NW_022145589.1	111277	2758	0.02	0	7
NW_022145589.1_region	0	0	0.00	0	0
NW_022145591.1	92921	35632	0.38	0	31
NW_022145591.1_region	0	0	0.00	0	0
NW_022145592.1	82943	412	0.00	0	3
NW_022145592.1_region	0	0	0.00	0	0
NW_022145594.1	53101916	1389004397	26.16	0	41371
NW_022145594.1_region	3518700	162011313	46.04	0	8809
NW_022145595.1	29984350	804919639	26.84	0	14882
NW_022145595.1_region	2698509	126436806	46.85	0	14882
NW_022145596.1	33320444	841733309	25.26	0	23299
NW_022145596.1_region	3291199	134402892	40.84	0	3460
NW_022145597.1	34141700	1054281374	30.88	0	26742
NW_022145597.1_region	3034785	182002643	59.97	0	15773
NW_022145598.1	37305039	890734851	23.88	0	15152
NW_022145598.1_region	2728783	114697428	42.03	0	1740
NW_022145599.1	37767046	921540143	24.40	0	7022
NW_022145599.1_region	3894798	159876516	41.05	0	2879
NW_022145600.1	37282239	911531264	24.45	0	8177
NW_022145600.1_region	3441413	141241498	41.04	0	1913
NW_022145601.1	35007347	935427721	26.72	0	55193
NW_022145601.1_region	3029754	133014551	43.90	0	4076
NW_022145602.1	30021120	684636527	22.81	0	52517
NW_022145602.1_region	2255655	91237580	40.45	0	3482
NW_022145603.1	34285068	871228045	25.41	0	30061
NW_022145603.1_region	2227231	105149194	47.21	0	4524
NW_022145604.1	33742549	823364535	24.40	0	16320
NW_022145604.1_region	2908891	119056748	40.93	0	2715
NW_022145605.1	42589791	1073645740	25.21	0	8476
NW_022145605.1_region	4109591	167458245	40.75	0	2435
NW_022145606.1	52437917	1407851412	26.85	0	44146
NW_022145606.1_region	3179802	134983592	42.45	0	11279
NW_022145607.1	45798072	1097750976	23.97	0	21630
NW_022145607.1_region	3702770	159076356	42.96	0	3094
NW_022145608.1	80573	297821	3.70	0	782
NW_022145608.1_region	446	6756	15.15	0	32
NW_022145609.1	39838600	952031381	23.90	0	15269
NW_022145609.1_region	3533833	140728942	39.82	0	3373
NW_022145610.1	35917773	883611938	24.60	0	22882
NW_022145610.1_region	3191992	133829708	41.93	0	4841
NW_022145611.1	45225044	1136396939	25.13	0	21270
NW_022145611.1_region	5090928	202276340	39.73	0	2953
NW_022145612.1	62154208	1555394450	25.02	0	24950
NW_022145612.1_region	7644422	298303321	39.02	0	2258
NW_022145613.1	39667378	1034908906	26.09	0	29128
NW_022145613.1_region	4227065	185857808	43.97	0	3987
NW_022145614.1	33637615	950127791	28.25	0	12081
NW_022145614.1_region	3698046	159822785	43.22	0	4785
NW_022145615.1	35239632	955707128	27.12	0	49977
NW_022145615.1_region	3497029	155059936	44.34	0	31192
NC_001453.1	15650	9164305	585.58	0	1366
NC_001453.1_region	0	0	0.00	0	0
total	921413175	22758985647	24.70	0	55193
total_region	82287298	3411250334	41.46	0	31192
