chrom	length	bases	mean	min	max
NW_022144746.1	64836	115	0.00	0	2
NW_022144746.1_region	0	0	0.00	0	0
NW_022144747.1	60028	230	0.00	0	4
NW_022144747.1_region	0	0	0.00	0	0
NW_022144748.1	57988	2013	0.03	0	12
NW_022144748.1_region	939	0	0.00	0	0
NW_022144749.1	56950	114	0.00	0	6
NW_022144749.1_region	0	0	0.00	0	0
NW_022144750.1	47351	118	0.00	0	2
NW_022144750.1_region	0	0	0.00	0	0
NW_022144751.1	44134	2454	0.06	0	16
NW_022144751.1_region	4170	85	0.02	0	2
NW_022144753.1	32290	3190	0.10	0	14
NW_022144753.1_region	819	0	0.00	0	0
NW_022144754.1	30490	247	0.01	0	2
NW_022144754.1_region	0	0	0.00	0	0
NW_022144755.1	29101	2610	0.09	0	18
NW_022144755.1_region	0	0	0.00	0	0
NW_022144756.1	26146	2531	0.10	0	12
NW_022144756.1_region	0	0	0.00	0	0
NW_022144757.1	25658	2342	0.09	0	8
NW_022144757.1_region	2781	51	0.02	0	2
NW_022144758.1	25340	1687	0.07	0	14
NW_022144758.1_region	0	0	0.00	0	0
NW_022144759.1	25179	1942	0.08	0	8
NW_022144759.1_region	8430	310	0.04	0	8
NW_022144760.1	24030	2046	0.09	0	12
NW_022144760.1_region	996	0	0.00	0	0
NW_022144761.1	23711	4467	0.19	0	36
NW_022144761.1_region	0	0	0.00	0	0
NW_022144762.1	23070	1508	0.07	0	8
NW_022144762.1_region	1032	7	0.01	0	1
NW_022144763.1	22953	2444	0.11	0	12
NW_022144763.1_region	2952	152	0.05	0	8
NW_022144764.1	22620	2485	0.11	0	20
NW_022144764.1_region	2640	0	0.00	0	0
NW_022144765.1	22433	38	0.00	0	2
NW_022144765.1_region	11148	0	0.00	0	0
NW_022144766.1	21973	1795	0.08	0	22
NW_022144766.1_region	0	0	0.00	0	0
NW_022144767.1	21667	2485	0.11	0	12
NW_022144767.1_region	0	0	0.00	0	0
NW_022144768.1	21625	2783	0.13	0	10
NW_022144768.1_region	0	0	0.00	0	0
NW_022144769.1	21387	3343	0.16	0	16
NW_022144769.1_region	0	0	0.00	0	0
NW_022144770.1	21139	1774	0.08	0	9
NW_022144770.1_region	3847	0	0.00	0	0
NW_022144771.1	21068	2122	0.10	0	12
NW_022144771.1_region	0	0	0.00	0	0
NW_022144772.1	21005	2821	0.13	0	16
NW_022144772.1_region	0	0	0.00	0	0
NW_022144773.1	20784	2283	0.11	0	10
NW_022144773.1_region	0	0	0.00	0	0
NW_022144774.1	20670	1247	0.06	0	8
NW_022144774.1_region	0	0	0.00	0	0
NW_022144775.1	20129	2219	0.11	0	14
NW_022144775.1_region	0	0	0.00	0	0
NW_022144776.1	19833	3084	0.16	0	31
NW_022144776.1_region	1593	76	0.05	0	4
NW_022144777.1	19372	2609	0.13	0	12
NW_022144777.1_region	0	0	0.00	0	0
NW_022144778.1	19224	1116	0.06	0	10
NW_022144778.1_region	1185	0	0.00	0	0
NW_022144779.1	18924	1090	0.06	0	22
NW_022144779.1_region	4515	0	0.00	0	0
NW_022144780.1	18903	1456	0.08	0	8
NW_022144780.1_region	0	0	0.00	0	0
NW_022144781.1	18719	1749	0.09	0	14
NW_022144781.1_region	0	0	0.00	0	0
NW_022144782.1	18716	1885	0.10	0	12
NW_022144782.1_region	0	0	0.00	0	0
NW_022144783.1	18557	1608	0.09	0	6
NW_022144783.1_region	312	0	0.00	0	0
NW_022144784.1	18439	1565	0.08	0	10
NW_022144784.1_region	0	0	0.00	0	0
NW_022144785.1	18330	2994	0.16	0	18
NW_022144785.1_region	0	0	0.00	0	0
NW_022144786.1	18214	1559	0.09	0	10
NW_022144786.1_region	0	0	0.00	0	0
NW_022144787.1	18153	2744	0.15	0	11
NW_022144787.1_region	0	0	0.00	0	0
NW_022144788.1	17951	1349	0.08	0	6
NW_022144788.1_region	0	0	0.00	0	0
NW_022144789.1	17798	2251	0.13	0	15
NW_022144789.1_region	0	0	0.00	0	0
NW_022144790.1	17754	1721	0.10	0	22
NW_022144790.1_region	3724	359	0.10	0	12
NW_022144791.1	17648	2093	0.12	0	14
NW_022144791.1_region	0	0	0.00	0	0
NW_022144792.1	17542	1246	0.07	0	6
NW_022144792.1_region	1403	80	0.06	0	4
NW_022144793.1	17493	1689	0.10	0	18
NW_022144793.1_region	0	0	0.00	0	0
NW_022144794.1	17213	1956	0.11	0	16
NW_022144794.1_region	0	0	0.00	0	0
NW_022144795.1	17172	1500	0.09	0	13
NW_022144795.1_region	0	0	0.00	0	0
NW_022144796.1	17039	2722	0.16	0	15
NW_022144796.1_region	894	0	0.00	0	0
NW_022144797.1	17012	3968	0.23	0	43
NW_022144797.1_region	0	0	0.00	0	0
NW_022144798.1	16271	1818	0.11	0	10
NW_022144798.1_region	0	0	0.00	0	0
NW_022144799.1	16212	2242	0.14	0	11
NW_022144799.1_region	1650	196	0.12	0	6
NW_022144800.1	16196	574	0.04	0	4
NW_022144800.1_region	0	0	0.00	0	0
NW_022144801.1	16082	2639	0.16	0	14
NW_022144801.1_region	0	0	0.00	0	0
NW_022144802.1	16073	2986	0.19	0	35
NW_022144802.1_region	0	0	0.00	0	0
NW_022144803.1	15882	988	0.06	0	6
NW_022144803.1_region	0	0	0.00	0	0
NW_022144804.1	15872	1162	0.07	0	8
NW_022144804.1_region	1277	0	0.00	0	0
NW_022144805.1	15755	810	0.05	0	9
NW_022144805.1_region	0	0	0.00	0	0
NW_022144806.1	15729	2571	0.16	0	16
NW_022144806.1_region	0	0	0.00	0	0
NW_022144807.1	15717	847	0.05	0	11
NW_022144807.1_region	0	0	0.00	0	0
NW_022144808.1	15697	1722	0.11	0	11
NW_022144808.1_region	0	0	0.00	0	0
NW_022144809.1	15254	1718	0.11	0	12
NW_022144809.1_region	624	0	0.00	0	0
NW_022144810.1	15245	1649	0.11	0	12
NW_022144810.1_region	0	0	0.00	0	0
NW_022144811.1	15184	765	0.05	0	6
NW_022144811.1_region	1176	24	0.02	0	2
NW_022144812.1	15180	651	0.04	0	8
NW_022144812.1_region	0	0	0.00	0	0
NW_022144813.1	64470	1238565	19.21	0	518
NW_022144813.1_region	2668	222229	83.29	1	216
NW_022144814.1	20273	2771	0.14	0	26
NW_022144814.1_region	0	0	0.00	0	0
NW_022144815.1	19793	2534	0.13	0	51
NW_022144815.1_region	0	0	0.00	0	0
NW_022144816.1	18134	1646	0.09	0	18
NW_022144816.1_region	555	0	0.00	0	0
NW_022144817.1	17838	3073	0.17	0	29
NW_022144817.1_region	0	0	0.00	0	0
NW_022144818.1	15663	3351	0.21	0	67
NW_022144818.1_region	0	0	0.00	0	0
NW_022144819.1	25897	191175	7.38	0	206
NW_022144819.1_region	1580	74804	47.34	0	206
NW_022144820.1	14953	1835	0.12	0	11
NW_022144820.1_region	0	0	0.00	0	0
NW_022144821.1	14859	2706	0.18	0	14
NW_022144821.1_region	0	0	0.00	0	0
NW_022144822.1	14838	352	0.02	0	4
NW_022144822.1_region	0	0	0.00	0	0
NW_022144823.1	14815	1970	0.13	0	21
NW_022144823.1_region	0	0	0.00	0	0
NW_022144824.1	14806	2866	0.19	0	16
NW_022144824.1_region	0	0	0.00	0	0
NW_022144825.1	14766	1496	0.10	0	12
NW_022144825.1_region	0	0	0.00	0	0
NW_022144826.1	14747	1737	0.12	0	10
NW_022144826.1_region	0	0	0.00	0	0
NW_022144827.1	14741	1428	0.10	0	6
NW_022144827.1_region	0	0	0.00	0	0
NW_022144828.1	14710	1447	0.10	0	8
NW_022144828.1_region	1104	40	0.04	0	2
NW_022144829.1	14707	1313	0.09	0	24
NW_022144829.1_region	0	0	0.00	0	0
NW_022144830.1	14679	1437	0.10	0	7
NW_022144830.1_region	549	76	0.14	0	4
NW_022144831.1	14604	1497	0.10	0	8
NW_022144831.1_region	0	0	0.00	0	0
NW_022144832.1	14536	1918	0.13	0	14
NW_022144832.1_region	0	0	0.00	0	0
NW_022144833.1	14472	2710	0.19	0	15
NW_022144833.1_region	0	0	0.00	0	0
NW_022144834.1	14424	1864	0.13	0	15
NW_022144834.1_region	0	0	0.00	0	0
NW_022144835.1	14392	55224	3.84	0	181
NW_022144835.1_region	0	0	0.00	0	0
NW_022144836.1	14366	1992	0.14	0	16
NW_022144836.1_region	0	0	0.00	0	0
NW_022144837.1	14316	2314	0.16	0	16
NW_022144837.1_region	474	0	0.00	0	0
NW_022144838.1	14178	2177	0.15	0	8
NW_022144838.1_region	557	109	0.20	0	6
NW_022144839.1	14036	1487	0.11	0	8
NW_022144839.1_region	0	0	0.00	0	0
NW_022144840.1	13984	1475	0.11	0	11
NW_022144840.1_region	0	0	0.00	0	0
NW_022144841.1	13922	1588	0.11	0	10
NW_022144841.1_region	642	0	0.00	0	0
NW_022144842.1	13691	7210	0.53	0	139
NW_022144842.1_region	765	0	0.00	0	0
NW_022144843.1	13690	1077	0.08	0	8
NW_022144843.1_region	825	0	0.00	0	0
NW_022144844.1	13628	557	0.04	0	8
NW_022144844.1_region	975	0	0.00	0	0
NW_022144845.1	13496	2300	0.17	0	11
NW_022144845.1_region	0	0	0.00	0	0
NW_022144846.1	13451	837	0.06	0	6
NW_022144846.1_region	0	0	0.00	0	0
NW_022144847.1	13443	5869	0.44	0	200
NW_022144847.1_region	0	0	0.00	0	0
NW_022144848.1	13325	715	0.05	0	8
NW_022144848.1_region	0	0	0.00	0	0
NW_022144849.1	13232	981	0.07	0	10
NW_022144849.1_region	501	0	0.00	0	0
NW_022144850.1	13217	302	0.02	0	4
NW_022144850.1_region	0	0	0.00	0	0
NW_022144851.1	13037	2786	0.21	0	22
NW_022144851.1_region	0	0	0.00	0	0
NW_022144852.1	13005	758	0.06	0	11
NW_022144852.1_region	0	0	0.00	0	0
NW_022144853.1	12874	206	0.02	0	2
NW_022144853.1_region	0	0	0.00	0	0
NW_022144854.1	12677	1691	0.13	0	13
NW_022144854.1_region	0	0	0.00	0	0
NW_022144855.1	12615	1088	0.09	0	8
NW_022144855.1_region	0	0	0.00	0	0
NW_022144856.1	12598	680	0.05	0	4
NW_022144856.1_region	0	0	0.00	0	0
NW_022144857.1	12436	580	0.05	0	8
NW_022144857.1_region	0	0	0.00	0	0
NW_022144858.1	12426	1222	0.10	0	10
NW_022144858.1_region	0	0	0.00	0	0
NW_022144859.1	12331	1917	0.16	0	10
NW_022144859.1_region	690	0	0.00	0	0
NW_022144860.1	12325	1168	0.09	0	13
NW_022144860.1_region	0	0	0.00	0	0
NW_022144861.1	12317	1286	0.10	0	13
NW_022144861.1_region	0	0	0.00	0	0
NW_022144862.1	12297	1309	0.11	0	10
NW_022144862.1_region	657	0	0.00	0	0
NW_022144863.1	12291	4120	0.34	0	66
NW_022144863.1_region	0	0	0.00	0	0
NW_022144864.1	12247	1411	0.12	0	10
NW_022144864.1_region	0	0	0.00	0	0
NW_022144865.1	12235	880	0.07	0	15
NW_022144865.1_region	495	312	0.63	0	15
NW_022144866.1	12202	1196	0.10	0	10
NW_022144866.1_region	0	0	0.00	0	0
NW_022144867.1	12165	745	0.06	0	10
NW_022144867.1_region	0	0	0.00	0	0
NW_022144868.1	12125	1194	0.10	0	8
NW_022144868.1_region	0	0	0.00	0	0
NW_022144869.1	12087	29769	2.46	0	51
NW_022144869.1_region	0	0	0.00	0	0
NW_022144870.1	11997	1131	0.09	0	11
NW_022144870.1_region	0	0	0.00	0	0
NW_022144871.1	11989	2205	0.18	0	17
NW_022144871.1_region	0	0	0.00	0	0
NW_022144872.1	11899	3370	0.28	0	18
NW_022144872.1_region	0	0	0.00	0	0
NW_022144873.1	11852	1154	0.10	0	11
NW_022144873.1_region	1830	132	0.07	0	2
NW_022144874.1	11838	1093	0.09	0	7
NW_022144874.1_region	0	0	0.00	0	0
NW_022144875.1	11825	892	0.08	0	9
NW_022144875.1_region	469	34	0.07	0	2
NW_022144876.1	11673	3960	0.34	0	53
NW_022144876.1_region	0	0	0.00	0	0
NW_022144877.1	11635	1303	0.11	0	12
NW_022144877.1_region	0	0	0.00	0	0
NW_022144878.1	11630	861	0.07	0	9
NW_022144878.1_region	1896	42	0.02	0	6
NW_022144879.1	11539	2105	0.18	0	13
NW_022144879.1_region	0	0	0.00	0	0
NW_022144880.1	11518	2192	0.19	0	10
NW_022144880.1_region	0	0	0.00	0	0
NW_022144881.1	11448	1364	0.12	0	10
NW_022144881.1_region	0	0	0.00	0	0
NW_022144882.1	11400	2067	0.18	0	24
NW_022144882.1_region	0	0	0.00	0	0
NW_022144883.1	11312	576	0.05	0	6
NW_022144883.1_region	0	0	0.00	0	0
NW_022144884.1	11268	837	0.07	0	6
NW_022144884.1_region	0	0	0.00	0	0
NW_022144885.1	11127	1691	0.15	0	14
NW_022144885.1_region	0	0	0.00	0	0
NW_022144886.1	74569	953011	12.78	0	770
NW_022144886.1_region	0	0	0.00	0	0
NW_022144887.1	11069	876	0.08	0	14
NW_022144887.1_region	0	0	0.00	0	0
NW_022144888.1	11058	1507	0.14	0	8
NW_022144888.1_region	0	0	0.00	0	0
NW_022144889.1	11056	1268	0.11	0	8
NW_022144889.1_region	0	0	0.00	0	0
NW_022144890.1	10990	1448	0.13	0	10
NW_022144890.1_region	957	0	0.00	0	0
NW_022144891.1	10968	1138	0.10	0	8
NW_022144891.1_region	0	0	0.00	0	0
NW_022144892.1	10910	472	0.04	0	6
NW_022144892.1_region	0	0	0.00	0	0
NW_022144893.1	10903	1420	0.13	0	18
NW_022144893.1_region	0	0	0.00	0	0
NW_022144894.1	10814	798	0.07	0	12
NW_022144894.1_region	0	0	0.00	0	0
NW_022144895.1	10747	1307	0.12	0	6
NW_022144895.1_region	0	0	0.00	0	0
NW_022144896.1	10744	1657	0.15	0	16
NW_022144896.1_region	1205	0	0.00	0	0
NW_022144897.1	116516	7143819	61.31	0	3073
NW_022144897.1_region	8798	224140	25.48	0	72
NW_022144898.1	10667	23066	2.16	0	105
NW_022144898.1_region	503	0	0.00	0	0
NW_022144899.1	10605	1471	0.14	0	10
NW_022144899.1_region	0	0	0.00	0	0
NW_022144900.1	10598	1290	0.12	0	14
NW_022144900.1_region	0	0	0.00	0	0
NW_022144901.1	10582	2185	0.21	0	48
NW_022144901.1_region	1699	38	0.02	0	2
NW_022144902.1	10532	994	0.09	0	10
NW_022144902.1_region	0	0	0.00	0	0
NW_022144903.1	10529	1167	0.11	0	8
NW_022144903.1_region	0	0	0.00	0	0
NW_022144904.1	10526	1130	0.11	0	10
NW_022144904.1_region	335	0	0.00	0	0
NW_022144905.1	10508	508	0.05	0	4
NW_022144905.1_region	0	0	0.00	0	0
NW_022144906.1	10376	1619	0.16	0	8
NW_022144906.1_region	395	0	0.00	0	0
NW_022144907.1	10259	324	0.03	0	4
NW_022144907.1_region	0	0	0.00	0	0
NW_022144908.1	57212	2912517	50.91	0	5437
NW_022144908.1_region	0	0	0.00	0	0
NW_022144909.1	10257	685	0.07	0	8
NW_022144909.1_region	0	0	0.00	0	0
NW_022144910.1	10238	968	0.09	0	4
NW_022144910.1_region	0	0	0.00	0	0
NW_022144911.1	10215	1057	0.10	0	10
NW_022144911.1_region	1194	0	0.00	0	0
NW_022144912.1	10118	1267	0.13	0	12
NW_022144912.1_region	0	0	0.00	0	0
NW_022144913.1	10045	999	0.10	0	10
NW_022144913.1_region	0	0	0.00	0	0
NW_022144914.1	10027	1563	0.16	0	8
NW_022144914.1_region	0	0	0.00	0	0
NW_022144915.1	10023	1413	0.14	0	19
NW_022144915.1_region	0	0	0.00	0	0
NW_022144916.1	9977	492	0.05	0	4
NW_022144916.1_region	0	0	0.00	0	0
NW_022144917.1	9968	815	0.08	0	8
NW_022144917.1_region	0	0	0.00	0	0
NW_022144918.1	9948	2551	0.26	0	21
NW_022144918.1_region	0	0	0.00	0	0
NW_022144919.1	101694	1269025	12.48	0	364
NW_022144919.1_region	0	0	0.00	0	0
NW_022144920.1	9893	1518	0.15	0	11
NW_022144920.1_region	0	0	0.00	0	0
NW_022144921.1	9870	1370	0.14	0	14
NW_022144921.1_region	0	0	0.00	0	0
NW_022144922.1	9860	3134	0.32	0	102
NW_022144922.1_region	0	0	0.00	0	0
NW_022144923.1	9823	753	0.08	0	6
NW_022144923.1_region	0	0	0.00	0	0
NW_022144924.1	9823	1070	0.11	0	8
NW_022144924.1_region	0	0	0.00	0	0
NW_022144925.1	9791	941	0.10	0	12
NW_022144925.1_region	333	0	0.00	0	0
NW_022144926.1	9769	1414	0.14	0	12
NW_022144926.1_region	1017	0	0.00	0	0
NW_022144927.1	9710	938	0.10	0	9
NW_022144927.1_region	0	0	0.00	0	0
NW_022144928.1	9694	1492	0.15	0	13
NW_022144928.1_region	740	0	0.00	0	0
NW_022144929.1	9642	1381	0.14	0	12
NW_022144929.1_region	0	0	0.00	0	0
NW_022144930.1	49449	758792	15.34	0	312
NW_022144930.1_region	920	38663	42.02	2	215
NW_022144931.1	9636	1999	0.21	0	38
NW_022144931.1_region	1002	0	0.00	0	0
NW_022144932.1	9590	1513	0.16	0	16
NW_022144932.1_region	0	0	0.00	0	0
NW_022144933.1	9519	4615	0.48	0	28
NW_022144933.1_region	0	0	0.00	0	0
NW_022144934.1	9503	1560	0.16	0	9
NW_022144934.1_region	586	38	0.06	0	2
NW_022144935.1	9369	1487	0.16	0	16
NW_022144935.1_region	0	0	0.00	0	0
NW_022144936.1	9315	1771	0.19	0	13
NW_022144936.1_region	0	0	0.00	0	0
NW_022144937.1	9305	970	0.10	0	10
NW_022144937.1_region	0	0	0.00	0	0
NW_022144938.1	9294	1140	0.12	0	16
NW_022144938.1_region	0	0	0.00	0	0
NW_022144939.1	9275	811	0.09	0	8
NW_022144939.1_region	0	0	0.00	0	0
NW_022144940.1	9267	1019	0.11	0	8
NW_022144940.1_region	0	0	0.00	0	0
NW_022144941.1	159342	2282202	14.32	0	898
NW_022144941.1_region	10419	51839	4.98	0	37
NW_022144942.1	9236	1283	0.14	0	10
NW_022144942.1_region	0	0	0.00	0	0
NW_022144943.1	9207	2035	0.22	0	12
NW_022144943.1_region	0	0	0.00	0	0
NW_022144944.1	9202	612	0.07	0	8
NW_022144944.1_region	0	0	0.00	0	0
NW_022144945.1	9131	1083	0.12	0	18
NW_022144945.1_region	489	0	0.00	0	0
NW_022144946.1	9108	797	0.09	0	9
NW_022144946.1_region	0	0	0.00	0	0
NW_022144947.1	9060	626	0.07	0	8
NW_022144947.1_region	0	0	0.00	0	0
NW_022144948.1	9047	1626	0.18	0	12
NW_022144948.1_region	627	28	0.04	0	2
NW_022144949.1	9042	1334	0.15	0	9
NW_022144949.1_region	0	0	0.00	0	0
NW_022144950.1	8932	1625	0.18	0	10
NW_022144950.1_region	0	0	0.00	0	0
NW_022144951.1	8878	1491	0.17	0	22
NW_022144951.1_region	0	0	0.00	0	0
NW_022144952.1	134345	1136018	8.46	0	921
NW_022144952.1_region	4213	30095	7.14	0	58
NW_022144953.1	8840	368	0.04	0	6
NW_022144953.1_region	0	0	0.00	0	0
NW_022144954.1	8825	567	0.06	0	6
NW_022144954.1_region	468	0	0.00	0	0
NW_022144955.1	8703	1395	0.16	0	12
NW_022144955.1_region	0	0	0.00	0	0
NW_022144956.1	8644	1240	0.14	0	8
NW_022144956.1_region	0	0	0.00	0	0
NW_022144957.1	8617	1367	0.16	0	17
NW_022144957.1_region	0	0	0.00	0	0
NW_022144958.1	8592	1454	0.17	0	11
NW_022144958.1_region	0	0	0.00	0	0
NW_022144959.1	8588	712	0.08	0	5
NW_022144959.1_region	0	0	0.00	0	0
NW_022144960.1	8539	1408	0.16	0	12
NW_022144960.1_region	0	0	0.00	0	0
NW_022144961.1	8519	731	0.09	0	7
NW_022144961.1_region	0	0	0.00	0	0
NW_022144962.1	8514	829	0.10	0	12
NW_022144962.1_region	0	0	0.00	0	0
NW_022144963.1	63343	564946	8.92	0	514
NW_022144963.1_region	868	17432	20.08	0	93
NW_022144964.1	8499	1647	0.19	0	11
NW_022144964.1_region	0	0	0.00	0	0
NW_022144965.1	8462	1125	0.13	0	8
NW_022144965.1_region	0	0	0.00	0	0
NW_022144966.1	8446	881	0.10	0	8
NW_022144966.1_region	0	0	0.00	0	0
NW_022144967.1	8427	953	0.11	0	12
NW_022144967.1_region	0	0	0.00	0	0
NW_022144968.1	8371	671	0.08	0	8
NW_022144968.1_region	0	0	0.00	0	0
NW_022144969.1	8367	1939	0.23	0	15
NW_022144969.1_region	0	0	0.00	0	0
NW_022144970.1	8351	433	0.05	0	4
NW_022144970.1_region	987	38	0.04	0	2
NW_022144971.1	8336	597	0.07	0	6
NW_022144971.1_region	0	0	0.00	0	0
NW_022144972.1	8298	1063	0.13	0	22
NW_022144972.1_region	0	0	0.00	0	0
NW_022144973.1	8278	247	0.03	0	4
NW_022144973.1_region	0	0	0.00	0	0
NW_022144974.1	161611	5117534	31.67	0	1447
NW_022144974.1_region	0	0	0.00	0	0
NW_022144975.1	8272	927	0.11	0	14
NW_022144975.1_region	995	114	0.11	0	6
NW_022144976.1	8270	959	0.12	0	10
NW_022144976.1_region	0	0	0.00	0	0
NW_022144977.1	8265	996	0.12	0	7
NW_022144977.1_region	0	0	0.00	0	0
NW_022144978.1	8229	687	0.08	0	10
NW_022144978.1_region	0	0	0.00	0	0
NW_022144979.1	8217	709	0.09	0	8
NW_022144979.1_region	0	0	0.00	0	0
NW_022144980.1	8208	1641	0.20	0	14
NW_022144980.1_region	0	0	0.00	0	0
NW_022144981.1	8193	115974	14.16	0	378
NW_022144981.1_region	0	0	0.00	0	0
NW_022144982.1	8177	2235	0.27	0	39
NW_022144982.1_region	0	0	0.00	0	0
NW_022144983.1	8151	2316	0.28	0	77
NW_022144983.1_region	0	0	0.00	0	0
NW_022144984.1	8029	447	0.06	0	8
NW_022144984.1_region	0	0	0.00	0	0
NW_022144985.1	24776	502515	20.28	0	1574
NW_022144985.1_region	0	0	0.00	0	0
NW_022144986.1	8004	776	0.10	0	10
NW_022144986.1_region	0	0	0.00	0	0
NW_022144987.1	7998	450	0.06	0	6
NW_022144987.1_region	0	0	0.00	0	0
NW_022144988.1	7984	204	0.03	0	2
NW_022144988.1_region	0	0	0.00	0	0
NW_022144989.1	7982	870	0.11	0	10
NW_022144989.1_region	0	0	0.00	0	0
NW_022144990.1	7899	1190	0.15	0	13
NW_022144990.1_region	0	0	0.00	0	0
NW_022144991.1	7891	652	0.08	0	17
NW_022144991.1_region	0	0	0.00	0	0
NW_022144992.1	7805	844	0.11	0	5
NW_022144992.1_region	0	0	0.00	0	0
NW_022144993.1	7728	809	0.10	0	8
NW_022144993.1_region	0	0	0.00	0	0
NW_022144994.1	7684	621	0.08	0	6
NW_022144994.1_region	0	0	0.00	0	0
NW_022144995.1	7678	1002	0.13	0	14
NW_022144995.1_region	0	0	0.00	0	0
NW_022144996.1	71277	378568	5.31	0	287
NW_022144996.1_region	0	0	0.00	0	0
NW_022144997.1	7613	844	0.11	0	12
NW_022144997.1_region	0	0	0.00	0	0
NW_022144998.1	7609	769	0.10	0	11
NW_022144998.1_region	0	0	0.00	0	0
NW_022144999.1	7608	846	0.11	0	6
NW_022144999.1_region	0	0	0.00	0	0
NW_022145000.1	7606	1096	0.14	0	10
NW_022145000.1_region	0	0	0.00	0	0
NW_022145001.1	7549	384	0.05	0	6
NW_022145001.1_region	0	0	0.00	0	0
NW_022145002.1	7546	552	0.07	0	8
NW_022145002.1_region	471	0	0.00	0	0
NW_022145003.1	7508	196	0.03	0	2
NW_022145003.1_region	0	0	0.00	0	0
NW_022145004.1	7486	1326	0.18	0	12
NW_022145004.1_region	450	228	0.51	0	12
NW_022145005.1	7447	376	0.05	0	7
NW_022145005.1_region	469	0	0.00	0	0
NW_022145006.1	7443	915	0.12	0	6
NW_022145006.1_region	0	0	0.00	0	0
NW_022145007.1	83156	1360920	16.37	0	336
NW_022145007.1_region	0	0	0.00	0	0
NW_022145008.1	7433	823	0.11	0	10
NW_022145008.1_region	0	0	0.00	0	0
NW_022145009.1	7407	740	0.10	0	8
NW_022145009.1_region	0	0	0.00	0	0
NW_022145010.1	7379	514	0.07	0	11
NW_022145010.1_region	0	0	0.00	0	0
NW_022145011.1	7365	563	0.08	0	6
NW_022145011.1_region	0	0	0.00	0	0
NW_022145012.1	7323	799	0.11	0	20
NW_022145012.1_region	0	0	0.00	0	0
NW_022145013.1	7318	398	0.05	0	8
NW_022145013.1_region	1291	0	0.00	0	0
NW_022145014.1	7312	379	0.05	0	6
NW_022145014.1_region	0	0	0.00	0	0
NW_022145015.1	7291	550	0.08	0	6
NW_022145015.1_region	0	0	0.00	0	0
NW_022145016.1	7291	613	0.08	0	10
NW_022145016.1_region	531	0	0.00	0	0
NW_022145017.1	7290	620	0.09	0	10
NW_022145017.1_region	0	0	0.00	0	0
NW_022145018.1	387561	9002949	23.23	0	1580
NW_022145018.1_region	9817	140880	14.35	0	146
NW_022145019.1	7256	1147	0.16	0	10
NW_022145019.1_region	0	0	0.00	0	0
NW_022145020.1	7195	1546	0.21	0	26
NW_022145020.1_region	0	0	0.00	0	0
NW_022145021.1	7190	3749	0.52	0	16
NW_022145021.1_region	0	0	0.00	0	0
NW_022145022.1	7187	1358	0.19	0	13
NW_022145022.1_region	0	0	0.00	0	0
NW_022145023.1	7105	4396	0.62	0	218
NW_022145023.1_region	0	0	0.00	0	0
NW_022145024.1	7072	678	0.10	0	7
NW_022145024.1_region	690	0	0.00	0	0
NW_022145025.1	6971	1411	0.20	0	24
NW_022145025.1_region	0	0	0.00	0	0
NW_022145026.1	6961	434	0.06	0	4
NW_022145026.1_region	0	0	0.00	0	0
NW_022145027.1	6912	578	0.08	0	4
NW_022145027.1_region	0	0	0.00	0	0
NW_022145028.1	6909	1020	0.15	0	10
NW_022145028.1_region	0	0	0.00	0	0
NW_022145029.1	136630	3916821	28.67	0	3835
NW_022145029.1_region	1579	15713	9.95	0	29
NW_022145030.1	6887	456	0.07	0	10
NW_022145030.1_region	0	0	0.00	0	0
NW_022145031.1	6886	712	0.10	0	6
NW_022145031.1_region	0	0	0.00	0	0
NW_022145032.1	6870	120	0.02	0	4
NW_022145032.1_region	0	0	0.00	0	0
NW_022145033.1	6839	508	0.07	0	6
NW_022145033.1_region	1329	0	0.00	0	0
NW_022145034.1	6827	1242	0.18	0	14
NW_022145034.1_region	0	0	0.00	0	0
NW_022145035.1	6767	369	0.05	0	5
NW_022145035.1_region	537	0	0.00	0	0
NW_022145036.1	6748	410	0.06	0	7
NW_022145036.1_region	0	0	0.00	0	0
NW_022145037.1	6730	2706	0.40	0	55
NW_022145037.1_region	0	0	0.00	0	0
NW_022145038.1	6694	747	0.11	0	11
NW_022145038.1_region	278	0	0.00	0	0
NW_022145039.1	6606	1079	0.16	0	6
NW_022145039.1_region	0	0	0.00	0	0
NW_022145040.1	120375	862624	7.17	0	713
NW_022145040.1_region	0	0	0.00	0	0
NW_022145041.1	6594	589	0.09	0	6
NW_022145041.1_region	1332	57	0.04	0	2
NW_022145042.1	6590	1005	0.15	0	7
NW_022145042.1_region	0	0	0.00	0	0
NW_022145043.1	6510	418	0.06	0	4
NW_022145043.1_region	0	0	0.00	0	0
NW_022145044.1	6461	581	0.09	0	8
NW_022145044.1_region	0	0	0.00	0	0
NW_022145045.1	6450	587	0.09	0	14
NW_022145045.1_region	0	0	0.00	0	0
NW_022145046.1	6448	604	0.09	0	5
NW_022145046.1_region	0	0	0.00	0	0
NW_022145047.1	6422	880	0.14	0	8
NW_022145047.1_region	0	0	0.00	0	0
NW_022145048.1	6417	344	0.05	0	8
NW_022145048.1_region	0	0	0.00	0	0
NW_022145049.1	6412	488	0.08	0	10
NW_022145049.1_region	0	0	0.00	0	0
NW_022145050.1	6336	784	0.12	0	9
NW_022145050.1_region	1079	0	0.00	0	0
NW_022145051.1	69137	841748	12.18	0	378
NW_022145051.1_region	0	0	0.00	0	0
NW_022145052.1	6319	1190	0.19	0	34
NW_022145052.1_region	0	0	0.00	0	0
NW_022145053.1	6318	1650	0.26	0	18
NW_022145053.1_region	0	0	0.00	0	0
NW_022145054.1	6313	287	0.05	0	4
NW_022145054.1_region	0	0	0.00	0	0
NW_022145055.1	6268	195	0.03	0	5
NW_022145055.1_region	0	0	0.00	0	0
NW_022145056.1	6197	754	0.12	0	15
NW_022145056.1_region	0	0	0.00	0	0
NW_022145057.1	6184	351	0.06	0	4
NW_022145057.1_region	1390	43	0.03	0	1
NW_022145058.1	6166	623	0.10	0	8
NW_022145058.1_region	0	0	0.00	0	0
NW_022145059.1	6156	722	0.12	0	8
NW_022145059.1_region	0	0	0.00	0	0
NW_022145060.1	6138	493	0.08	0	8
NW_022145060.1_region	0	0	0.00	0	0
NW_022145061.1	6137	801	0.13	0	16
NW_022145061.1_region	0	0	0.00	0	0
NW_022145062.1	47922	240799	5.02	0	160
NW_022145062.1_region	0	0	0.00	0	0
NW_022145063.1	6118	713	0.12	0	20
NW_022145063.1_region	0	0	0.00	0	0
NW_022145064.1	6116	670	0.11	0	4
NW_022145064.1_region	663	70	0.11	0	3
NW_022145065.1	6099	644	0.11	0	6
NW_022145065.1_region	0	0	0.00	0	0
NW_022145066.1	6082	943	0.16	0	10
NW_022145066.1_region	0	0	0.00	0	0
NW_022145067.1	6078	1471	0.24	0	54
NW_022145067.1_region	349	0	0.00	0	0
NW_022145068.1	6067	511	0.08	0	8
NW_022145068.1_region	0	0	0.00	0	0
NW_022145069.1	6042	170	0.03	0	4
NW_022145069.1_region	0	0	0.00	0	0
NW_022145070.1	5912	1263	0.21	0	22
NW_022145070.1_region	0	0	0.00	0	0
NW_022145071.1	5907	297	0.05	0	4
NW_022145071.1_region	707	0	0.00	0	0
NW_022145072.1	5903	434	0.07	0	6
NW_022145072.1_region	0	0	0.00	0	0
NW_022145073.1	125721	4206668	33.46	0	5640
NW_022145073.1_region	1128	21375	18.95	0	51
NW_022145074.1	5886	606	0.10	0	6
NW_022145074.1_region	0	0	0.00	0	0
NW_022145075.1	5854	155	0.03	0	4
NW_022145075.1_region	0	0	0.00	0	0
NW_022145076.1	5852	1401	0.24	0	30
NW_022145076.1_region	0	0	0.00	0	0
NW_022145077.1	5819	541	0.09	0	14
NW_022145077.1_region	0	0	0.00	0	0
NW_022145078.1	5814	973	0.17	0	10
NW_022145078.1_region	0	0	0.00	0	0
NW_022145079.1	5721	495	0.09	0	4
NW_022145079.1_region	0	0	0.00	0	0
NW_022145080.1	5718	751	0.13	0	9
NW_022145080.1_region	0	0	0.00	0	0
NW_022145081.1	5711	138	0.02	0	2
NW_022145081.1_region	573	0	0.00	0	0
NW_022145082.1	5699	747	0.13	0	14
NW_022145082.1_region	0	0	0.00	0	0
NW_022145083.1	5623	6868	1.22	0	13
NW_022145083.1_region	0	0	0.00	0	0
NW_022145084.1	104907	1047583	9.99	0	457
NW_022145084.1_region	0	0	0.00	0	0
NW_022145085.1	5609	6455	1.15	0	17
NW_022145085.1_region	0	0	0.00	0	0
NW_022145086.1	5578	1113	0.20	0	12
NW_022145086.1_region	635	0	0.00	0	0
NW_022145087.1	5530	471	0.09	0	6
NW_022145087.1_region	0	0	0.00	0	0
NW_022145088.1	5487	200	0.04	0	2
NW_022145088.1_region	0	0	0.00	0	0
NW_022145089.1	5471	446	0.08	0	10
NW_022145089.1_region	0	0	0.00	0	0
NW_022145090.1	5461	373	0.07	0	6
NW_022145090.1_region	0	0	0.00	0	0
NW_022145091.1	5422	341	0.06	0	8
NW_022145091.1_region	0	0	0.00	0	0
NW_022145092.1	5321	1363	0.26	0	18
NW_022145092.1_region	0	0	0.00	0	0
NW_022145093.1	5319	764	0.14	0	6
NW_022145093.1_region	0	0	0.00	0	0
NW_022145094.1	5316	633	0.12	0	10
NW_022145094.1_region	0	0	0.00	0	0
NW_022145095.1	119971	1178356	9.82	0	767
NW_022145095.1_region	0	0	0.00	0	0
NW_022145096.1	5304	495	0.09	0	6
NW_022145096.1_region	465	0	0.00	0	0
NW_022145097.1	3350	21765	6.50	0	83
NW_022145097.1_region	0	0	0.00	0	0
NW_022145098.1	5251	495459	94.36	0	781
NW_022145098.1_region	0	0	0.00	0	0
NW_022145099.1	5225	839	0.16	0	14
NW_022145099.1_region	0	0	0.00	0	0
NW_022145100.1	5219	557	0.11	0	9
NW_022145100.1_region	0	0	0.00	0	0
NW_022145101.1	5188	619	0.12	0	8
NW_022145101.1_region	0	0	0.00	0	0
NW_022145102.1	5187	266038	51.29	0	371
NW_022145102.1_region	0	0	0.00	0	0
NW_022145103.1	5181	82	0.02	0	2
NW_022145103.1_region	0	0	0.00	0	0
NW_022145104.1	5153	260	0.05	0	6
NW_022145104.1_region	0	0	0.00	0	0
NW_022145105.1	5115	1143	0.22	0	9
NW_022145105.1_region	0	0	0.00	0	0
NW_022145106.1	20950	49249	2.35	0	69
NW_022145106.1_region	0	0	0.00	0	0
NW_022145107.1	5060	675	0.13	0	11
NW_022145107.1_region	0	0	0.00	0	0
NW_022145108.1	5029	1093	0.22	0	9
NW_022145108.1_region	0	0	0.00	0	0
NW_022145109.1	5000	118	0.02	0	4
NW_022145109.1_region	0	0	0.00	0	0
NW_022145110.1	4989	858	0.17	0	23
NW_022145110.1_region	0	0	0.00	0	0
NW_022145111.1	4972	625	0.13	0	8
NW_022145111.1_region	0	0	0.00	0	0
NW_022145112.1	4951	760	0.15	0	11
NW_022145112.1_region	0	0	0.00	0	0
NW_022145113.1	4927	637	0.13	0	16
NW_022145113.1_region	2625	158	0.06	0	6
NW_022145114.1	4917	446	0.09	0	3
NW_022145114.1_region	0	0	0.00	0	0
NW_022145115.1	4906	963	0.20	0	11
NW_022145115.1_region	0	0	0.00	0	0
NW_022145116.1	4896	477	0.10	0	7
NW_022145116.1_region	0	0	0.00	0	0
NW_022145117.1	47376	414828	8.76	0	592
NW_022145117.1_region	0	0	0.00	0	0
NW_022145118.1	4884	1575	0.32	0	26
NW_022145118.1_region	0	0	0.00	0	0
NW_022145119.1	4868	384	0.08	0	8
NW_022145119.1_region	0	0	0.00	0	0
NW_022145120.1	4846	814	0.17	0	6
NW_022145120.1_region	0	0	0.00	0	0
NW_022145121.1	4840	362	0.07	0	6
NW_022145121.1_region	0	0	0.00	0	0
NW_022145122.1	4808	512	0.11	0	4
NW_022145122.1_region	0	0	0.00	0	0
NW_022145123.1	4782	647	0.14	0	10
NW_022145123.1_region	0	0	0.00	0	0
NW_022145124.1	4764	458	0.10	0	8
NW_022145124.1_region	0	0	0.00	0	0
NW_022145125.1	4758	515	0.11	0	12
NW_022145125.1_region	0	0	0.00	0	0
NW_022145126.1	4727	230	0.05	0	2
NW_022145126.1_region	0	0	0.00	0	0
NW_022145127.1	4706	255	0.05	0	4
NW_022145127.1_region	0	0	0.00	0	0
NW_022145128.1	91882	67631	0.74	0	75
NW_022145128.1_region	0	0	0.00	0	0
NW_022145129.1	2752	32725	11.89	0	299
NW_022145129.1_region	0	0	0.00	0	0
NW_022145130.1	4677	640	0.14	0	6
NW_022145130.1_region	0	0	0.00	0	0
NW_022145131.1	4671	1017	0.22	0	8
NW_022145131.1_region	0	0	0.00	0	0
NW_022145132.1	4669	693	0.15	0	14
NW_022145132.1_region	0	0	0.00	0	0
NW_022145133.1	4668	1127	0.24	0	26
NW_022145133.1_region	0	0	0.00	0	0
NW_022145134.1	4653	515	0.11	0	8
NW_022145134.1_region	717	0	0.00	0	0
NW_022145135.1	4651	888	0.19	0	11
NW_022145135.1_region	0	0	0.00	0	0
NW_022145136.1	4645	411	0.09	0	6
NW_022145136.1_region	0	0	0.00	0	0
NW_022145137.1	4640	414	0.09	0	7
NW_022145137.1_region	0	0	0.00	0	0
NW_022145138.1	4620	307	0.07	0	4
NW_022145138.1_region	0	0	0.00	0	0
NW_022145139.1	94356	1140621	12.09	0	1137
NW_022145139.1_region	882	28017	31.77	0	77
NW_022145140.1	4613	679	0.15	0	15
NW_022145140.1_region	0	0	0.00	0	0
NW_022145141.1	4575	447	0.10	0	6
NW_022145141.1_region	0	0	0.00	0	0
NW_022145142.1	4559	447	0.10	0	10
NW_022145142.1_region	0	0	0.00	0	0
NW_022145143.1	4528	815	0.18	0	8
NW_022145143.1_region	0	0	0.00	0	0
NW_022145144.1	4497	658	0.15	0	8
NW_022145144.1_region	0	0	0.00	0	0
NW_022145145.1	4490	487	0.11	0	12
NW_022145145.1_region	0	0	0.00	0	0
NW_022145146.1	4434	649	0.15	0	10
NW_022145146.1_region	0	0	0.00	0	0
NW_022145147.1	4423	57	0.01	0	3
NW_022145147.1_region	0	0	0.00	0	0
NW_022145148.1	4412	442	0.10	0	10
NW_022145148.1_region	0	0	0.00	0	0
NW_022145149.1	4409	34375	7.80	0	37
NW_022145149.1_region	534	10109	18.93	0	37
NW_022145150.1	68008	112810	1.66	0	83
NW_022145150.1_region	0	0	0.00	0	0
NW_022145151.1	4402	91	0.02	0	2
NW_022145151.1_region	0	0	0.00	0	0
NW_022145152.1	4394	19799	4.51	0	34
NW_022145152.1_region	532	7920	14.89	0	34
NW_022145153.1	4383	601	0.14	0	8
NW_022145153.1_region	311	0	0.00	0	0
NW_022145154.1	4376	405	0.09	0	10
NW_022145154.1_region	0	0	0.00	0	0
NW_022145155.1	4348	805	0.19	0	6
NW_022145155.1_region	0	0	0.00	0	0
NW_022145156.1	4334	1169	0.27	0	23
NW_022145156.1_region	0	0	0.00	0	0
NW_022145157.1	4293	178	0.04	0	4
NW_022145157.1_region	0	0	0.00	0	0
NW_022145158.1	4264	291	0.07	0	5
NW_022145158.1_region	0	0	0.00	0	0
NW_022145159.1	4175	10368	2.48	0	20
NW_022145159.1_region	0	0	0.00	0	0
NW_022145160.1	4161	847	0.20	0	20
NW_022145160.1_region	0	0	0.00	0	0
NW_022145161.1	115902	628778	5.43	0	3411
NW_022145161.1_region	0	0	0.00	0	0
NW_022145162.1	4158	697	0.17	0	22
NW_022145162.1_region	0	0	0.00	0	0
NW_022145163.1	4151	291	0.07	0	10
NW_022145163.1_region	0	0	0.00	0	0
NW_022145164.1	4108	425	0.10	0	7
NW_022145164.1_region	0	0	0.00	0	0
NW_022145165.1	4090	234	0.06	0	4
NW_022145165.1_region	0	0	0.00	0	0
NW_022145166.1	4087	253	0.06	0	4
NW_022145166.1_region	0	0	0.00	0	0
NW_022145167.1	4077	249	0.06	0	6
NW_022145167.1_region	0	0	0.00	0	0
NW_022145168.1	4077	230	0.06	0	4
NW_022145168.1_region	888	20	0.02	0	2
NW_022145169.1	4076	146	0.04	0	2
NW_022145169.1_region	0	0	0.00	0	0
NW_022145170.1	4072	9197	2.26	0	27
NW_022145170.1_region	0	0	0.00	0	0
NW_022145171.1	4046	545	0.13	0	4
NW_022145171.1_region	0	0	0.00	0	0
NW_022145172.1	67843	187211	2.76	0	69
NW_022145172.1_region	0	0	0.00	0	0
NW_022145173.1	4043	398	0.10	0	6
NW_022145173.1_region	0	0	0.00	0	0
NW_022145174.1	3970	806	0.20	0	8
NW_022145174.1_region	362	0	0.00	0	0
NW_022145175.1	3944	506	0.13	0	12
NW_022145175.1_region	0	0	0.00	0	0
NW_022145176.1	3937	21	0.01	0	1
NW_022145176.1_region	0	0	0.00	0	0
NW_022145177.1	3926	219	0.06	0	3
NW_022145177.1_region	0	0	0.00	0	0
NW_022145178.1	3913	669	0.17	0	15
NW_022145178.1_region	0	0	0.00	0	0
NW_022145179.1	3904	426	0.11	0	10
NW_022145179.1_region	0	0	0.00	0	0
NW_022145180.1	3861	442	0.11	0	6
NW_022145180.1_region	0	0	0.00	0	0
NW_022145181.1	3845	545	0.14	0	6
NW_022145181.1_region	0	0	0.00	0	0
NW_022145182.1	3825	282	0.07	0	4
NW_022145182.1_region	0	0	0.00	0	0
NW_022145183.1	35970	101328	2.82	0	293
NW_022145183.1_region	0	0	0.00	0	0
NW_022145184.1	3822	421	0.11	0	8
NW_022145184.1_region	0	0	0.00	0	0
NW_022145185.1	3818	540	0.14	0	6
NW_022145185.1_region	0	0	0.00	0	0
NW_022145186.1	3774	234	0.06	0	4
NW_022145186.1_region	0	0	0.00	0	0
NW_022145187.1	3757	348	0.09	0	7
NW_022145187.1_region	0	0	0.00	0	0
NW_022145188.1	3756	1423	0.38	0	13
NW_022145188.1_region	0	0	0.00	0	0
NW_022145189.1	1796	2500	1.39	0	10
NW_022145189.1_region	0	0	0.00	0	0
NW_022145190.1	3752	149	0.04	0	4
NW_022145190.1_region	0	0	0.00	0	0
NW_022145191.1	3747	122	0.03	0	2
NW_022145191.1_region	0	0	0.00	0	0
NW_022145192.1	3728	393	0.11	0	4
NW_022145192.1_region	0	0	0.00	0	0
NW_022145193.1	3705	560	0.15	0	8
NW_022145193.1_region	0	0	0.00	0	0
NW_022145194.1	44435	88078	1.98	0	428
NW_022145194.1_region	0	0	0.00	0	0
NW_022145195.1	3675	563	0.15	0	8
NW_022145195.1_region	0	0	0.00	0	0
NW_022145196.1	3656	1451	0.40	0	26
NW_022145196.1_region	0	0	0.00	0	0
NW_022145197.1	3591	156	0.04	0	4
NW_022145197.1_region	0	0	0.00	0	0
NW_022145198.1	3572	38	0.01	0	2
NW_022145198.1_region	0	0	0.00	0	0
NW_022145199.1	3560	48395	13.59	0	56
NW_022145199.1_region	0	0	0.00	0	0
NW_022145200.1	3523	369	0.10	0	6
NW_022145200.1_region	0	0	0.00	0	0
NW_022145201.1	3516	228	0.06	0	6
NW_022145201.1_region	0	0	0.00	0	0
NW_022145202.1	3511	4193	1.19	0	12
NW_022145202.1_region	0	0	0.00	0	0
NW_022145203.1	3498	366	0.10	0	10
NW_022145203.1_region	0	0	0.00	0	0
NW_022145204.1	3481	256	0.07	0	4
NW_022145204.1_region	881	118	0.13	0	4
NW_022145205.1	79806	453298	5.68	0	277
NW_022145205.1_region	0	0	0.00	0	0
NW_022145206.1	3465	354	0.10	0	6
NW_022145206.1_region	0	0	0.00	0	0
NW_022145207.1	3398	48411	14.25	0	41
NW_022145207.1_region	0	0	0.00	0	0
NW_022145208.1	3377	478	0.14	0	11
NW_022145208.1_region	0	0	0.00	0	0
NW_022145209.1	3370	43782	12.99	0	47
NW_022145209.1_region	0	0	0.00	0	0
NW_022145210.1	3355	142	0.04	0	2
NW_022145210.1_region	0	0	0.00	0	0
NW_022145211.1	3352	526	0.16	0	6
NW_022145211.1_region	259	38	0.15	0	2
NW_022145212.1	3330	14832	4.45	0	19
NW_022145212.1_region	0	0	0.00	0	0
NW_022145213.1	3323	75964	22.86	0	62
NW_022145213.1_region	0	0	0.00	0	0
NW_022145214.1	3314	14343	4.33	0	18
NW_022145214.1_region	0	0	0.00	0	0
NW_022145215.1	3309	608	0.18	0	6
NW_022145215.1_region	0	0	0.00	0	0
NW_022145216.1	46122	203835	4.42	0	128
NW_022145216.1_region	0	0	0.00	0	0
NW_022145217.1	3298	615	0.19	0	8
NW_022145217.1_region	0	0	0.00	0	0
NW_022145218.1	3258	856	0.26	0	10
NW_022145218.1_region	0	0	0.00	0	0
NW_022145219.1	3240	100	0.03	0	2
NW_022145219.1_region	0	0	0.00	0	0
NW_022145220.1	3239	7813	2.41	0	27
NW_022145220.1_region	0	0	0.00	0	0
NW_022145221.1	3235	30711	9.49	0	27
NW_022145221.1_region	0	0	0.00	0	0
NW_022145222.1	3233	41076	12.71	0	38
NW_022145222.1_region	0	0	0.00	0	0
NW_022145223.1	3216	525	0.16	0	8
NW_022145223.1_region	0	0	0.00	0	0
NW_022145224.1	3205	22757	7.10	0	25
NW_022145224.1_region	0	0	0.00	0	0
NW_022145226.1	3194	211	0.07	0	5
NW_022145226.1_region	0	0	0.00	0	0
NW_022145227.1	47480	71884	1.51	0	76
NW_022145227.1_region	0	0	0.00	0	0
NW_022145228.1	3187	213549	67.01	0	312
NW_022145228.1_region	603	99113	164.37	22	312
NW_022145229.1	3176	432	0.14	0	8
NW_022145229.1_region	0	0	0.00	0	0
NW_022145230.1	3167	23434	7.40	0	33
NW_022145230.1_region	0	0	0.00	0	0
NW_022145231.1	3161	118	0.04	0	2
NW_022145231.1_region	0	0	0.00	0	0
NW_022145232.1	3157	266	0.08	0	14
NW_022145232.1_region	0	0	0.00	0	0
NW_022145233.1	3154	45184	14.33	0	166
NW_022145233.1_region	0	0	0.00	0	0
NW_022145234.1	3141	428	0.14	0	8
NW_022145234.1_region	0	0	0.00	0	0
NW_022145235.1	3124	18678	5.98	0	69
NW_022145235.1_region	0	0	0.00	0	0
NW_022145236.1	3116	40	0.01	0	2
NW_022145236.1_region	0	0	0.00	0	0
NW_022145237.1	3114	11865	3.81	0	58
NW_022145237.1_region	0	0	0.00	0	0
NW_022145238.1	45709	113544	2.48	0	74
NW_022145238.1_region	0	0	0.00	0	0
NW_022145239.1	3091	118	0.04	0	2
NW_022145239.1_region	0	0	0.00	0	0
NW_022145240.1	3085	792	0.26	0	9
NW_022145240.1_region	0	0	0.00	0	0
NW_022145241.1	3074	23113	7.52	0	148
NW_022145241.1_region	0	0	0.00	0	0
NW_022145242.1	3062	537	0.18	0	14
NW_022145242.1_region	0	0	0.00	0	0
NW_022145243.1	3046	410	0.13	0	10
NW_022145243.1_region	0	0	0.00	0	0
NW_022145244.1	3045	1584	0.52	0	28
NW_022145244.1_region	0	0	0.00	0	0
NW_022145245.1	3020	264	0.09	0	6
NW_022145245.1_region	0	0	0.00	0	0
NW_022145246.1	3009	38	0.01	0	2
NW_022145246.1_region	0	0	0.00	0	0
NW_022145247.1	2958	15727	5.32	0	32
NW_022145247.1_region	0	0	0.00	0	0
NW_022145248.1	2949	236	0.08	0	4
NW_022145248.1_region	0	0	0.00	0	0
NW_022145249.1	29338	502757	17.14	0	1677
NW_022145249.1_region	0	0	0.00	0	0
NW_022145250.1	2946	426	0.14	0	10
NW_022145250.1_region	0	0	0.00	0	0
NW_022145251.1	2939	34368	11.69	0	68
NW_022145251.1_region	0	0	0.00	0	0
NW_022145252.1	2904	770	0.27	0	16
NW_022145252.1_region	0	0	0.00	0	0
NW_022145253.1	2889	17791	6.16	0	37
NW_022145253.1_region	0	0	0.00	0	0
NW_022145254.1	2888	595	0.21	0	6
NW_022145254.1_region	0	0	0.00	0	0
NW_022145255.1	2888	25544	8.84	0	81
NW_022145255.1_region	0	0	0.00	0	0
NW_022145256.1	2876	29655	10.31	0	80
NW_022145256.1_region	0	0	0.00	0	0
NW_022145257.1	2866	512	0.18	0	6
NW_022145257.1_region	0	0	0.00	0	0
NW_022145258.1	2861	176	0.06	0	2
NW_022145258.1_region	0	0	0.00	0	0
NW_022145259.1	1344	14868	11.06	0	89
NW_022145259.1_region	0	0	0.00	0	0
NW_022145260.1	47144	133827	2.84	0	129
NW_022145260.1_region	0	0	0.00	0	0
NW_022145261.1	2843	152	0.05	0	6
NW_022145261.1_region	0	0	0.00	0	0
NW_022145262.1	2822	156	0.06	0	4
NW_022145262.1_region	0	0	0.00	0	0
NW_022145263.1	2787	245	0.09	0	6
NW_022145263.1_region	0	0	0.00	0	0
NW_022145264.1	2772	176	0.06	0	4
NW_022145264.1_region	0	0	0.00	0	0
NW_022145265.1	2767	406	0.15	0	6
NW_022145265.1_region	0	0	0.00	0	0
NW_022145266.1	2759	274	0.10	0	4
NW_022145266.1_region	0	0	0.00	0	0
NW_022145267.1	2749	19723	7.17	0	36
NW_022145267.1_region	0	0	0.00	0	0
NW_022145268.1	2741	151	0.06	0	4
NW_022145268.1_region	0	0	0.00	0	0
NW_022145269.1	2728	324	0.12	0	6
NW_022145269.1_region	0	0	0.00	0	0
NW_022145270.1	2717	389	0.14	0	10
NW_022145270.1_region	0	0	0.00	0	0
NW_022145271.1	63049	148220	2.35	0	181
NW_022145271.1_region	0	0	0.00	0	0
NW_022145272.1	2707	385	0.14	0	4
NW_022145272.1_region	0	0	0.00	0	0
NW_022145273.1	2703	1010	0.37	0	16
NW_022145273.1_region	0	0	0.00	0	0
NW_022145274.1	868	990	1.14	0	8
NW_022145274.1_region	0	0	0.00	0	0
NW_022145275.1	2658	461	0.17	0	6
NW_022145275.1_region	0	0	0.00	0	0
NW_022145276.1	2639	206	0.08	0	6
NW_022145276.1_region	0	0	0.00	0	0
NW_022145277.1	2636	239	0.09	0	4
NW_022145277.1_region	0	0	0.00	0	0
NW_022145278.1	2628	366	0.14	0	4
NW_022145278.1_region	0	0	0.00	0	0
NW_022145279.1	2612	386	0.15	0	15
NW_022145279.1_region	0	0	0.00	0	0
NW_022145280.1	2578	10376	4.02	0	27
NW_022145280.1_region	0	0	0.00	0	0
NW_022145281.1	2532	693	0.27	0	10
NW_022145281.1_region	0	0	0.00	0	0
NW_022145282.1	32392	295133	9.11	0	440
NW_022145282.1_region	0	0	0.00	0	0
NW_022145283.1	2515	8819	3.51	0	26
NW_022145283.1_region	0	0	0.00	0	0
NW_022145284.1	2502	450	0.18	0	11
NW_022145284.1_region	0	0	0.00	0	0
NW_022145285.1	2496	4346	1.74	0	23
NW_022145285.1_region	0	0	0.00	0	0
NW_022145286.1	2435	38822	15.94	0	82
NW_022145286.1_region	0	0	0.00	0	0
NW_022145287.1	2428	156	0.06	0	4
NW_022145287.1_region	0	0	0.00	0	0
NW_022145288.1	2392	2352	0.98	0	14
NW_022145288.1_region	0	0	0.00	0	0
NW_022145289.1	2386	806	0.34	0	5
NW_022145289.1_region	0	0	0.00	0	0
NW_022145290.1	2275	297	0.13	0	4
NW_022145290.1_region	0	0	0.00	0	0
NW_022145291.1	2256	386	0.17	0	10
NW_022145291.1_region	0	0	0.00	0	0
NW_022145292.1	2232	132	0.06	0	6
NW_022145292.1_region	0	0	0.00	0	0
NW_022145293.1	59163	113512	1.92	0	167
NW_022145293.1_region	0	0	0.00	0	0
NW_022145294.1	2229	120	0.05	0	4
NW_022145294.1_region	0	0	0.00	0	0
NW_022145295.1	2226	747	0.34	0	11
NW_022145295.1_region	0	0	0.00	0	0
NW_022145296.1	2220	167	0.08	0	6
NW_022145296.1_region	0	0	0.00	0	0
NW_022145297.1	2217	103992	46.91	0	461
NW_022145297.1_region	0	0	0.00	0	0
NW_022145298.1	2213	486	0.22	0	12
NW_022145298.1_region	0	0	0.00	0	0
NW_022145299.1	2192	276	0.13	0	12
NW_022145299.1_region	0	0	0.00	0	0
NW_022145300.1	2175	232	0.11	0	8
NW_022145300.1_region	0	0	0.00	0	0
NW_022145301.1	2168	1958	0.90	0	8
NW_022145301.1_region	0	0	0.00	0	0
NW_022145302.1	2157	51990	24.10	0	67
NW_022145302.1_region	0	0	0.00	0	0
NW_022145303.1	2145	78	0.04	0	2
NW_022145303.1_region	0	0	0.00	0	0
NW_022145304.1	32983	78893	2.39	0	27
NW_022145304.1_region	0	0	0.00	0	0
NW_022145305.1	2135	164	0.08	0	2
NW_022145305.1_region	0	0	0.00	0	0
NW_022145307.1	2129	158	0.07	0	4
NW_022145307.1_region	0	0	0.00	0	0
NW_022145308.1	2118	244	0.12	0	7
NW_022145308.1_region	306	0	0.00	0	0
NW_022145309.1	2105	434	0.21	0	4
NW_022145309.1_region	0	0	0.00	0	0
NW_022145311.1	2070	2715	1.31	0	30
NW_022145311.1_region	0	0	0.00	0	0
NW_022145312.1	2062	17591	8.53	0	64
NW_022145312.1_region	0	0	0.00	0	0
NW_022145313.1	2059	190	0.09	0	4
NW_022145313.1_region	0	0	0.00	0	0
NW_022145314.1	2052	143	0.07	0	4
NW_022145314.1_region	0	0	0.00	0	0
NW_022145315.1	56963	175343	3.08	0	126
NW_022145315.1_region	0	0	0.00	0	0
NW_022145316.1	2045	254	0.12	0	7
NW_022145316.1_region	0	0	0.00	0	0
NW_022145317.1	2026	266	0.13	0	6
NW_022145317.1_region	0	0	0.00	0	0
NW_022145318.1	1994	9994	5.01	0	36
NW_022145318.1_region	0	0	0.00	0	0
NW_022145319.1	1994	4589	2.30	0	29
NW_022145319.1_region	0	0	0.00	0	0
NW_022145320.1	1992	38	0.02	0	2
NW_022145320.1_region	0	0	0.00	0	0
NW_022145321.1	1988	484	0.24	0	4
NW_022145321.1_region	0	0	0.00	0	0
NW_022145322.1	1981	443	0.22	0	10
NW_022145322.1_region	0	0	0.00	0	0
NW_022145323.1	1965	7791	3.96	0	26
NW_022145323.1_region	0	0	0.00	0	0
NW_022145324.1	1960	3229	1.65	0	17
NW_022145324.1_region	329	1723	5.24	0	17
NW_022145325.1	1946	40	0.02	0	2
NW_022145325.1_region	0	0	0.00	0	0
NW_022145326.1	57626	130566	2.27	0	123
NW_022145326.1_region	0	0	0.00	0	0
NW_022145327.1	1943	382	0.20	0	2
NW_022145327.1_region	0	0	0.00	0	0
NW_022145328.1	1939	401	0.21	0	7
NW_022145328.1_region	0	0	0.00	0	0
NW_022145329.1	1929	2025	1.05	0	14
NW_022145329.1_region	0	0	0.00	0	0
NW_022145330.1	1926	266	0.14	0	6
NW_022145330.1_region	0	0	0.00	0	0
NW_022145331.1	1861	17234	9.26	0	30
NW_022145331.1_region	0	0	0.00	0	0
NW_022145332.1	1839	7646	4.16	0	31
NW_022145332.1_region	0	0	0.00	0	0
NW_022145333.1	1835	99	0.05	0	2
NW_022145333.1_region	0	0	0.00	0	0
NW_022145334.1	1833	205	0.11	0	8
NW_022145334.1_region	1167	0	0.00	0	0
NW_022145335.1	1806	26179	14.50	0	57
NW_022145335.1_region	0	0	0.00	0	0
NW_022145336.1	1754	4467	2.55	0	19
NW_022145336.1_region	0	0	0.00	0	0
NW_022145337.1	54544	349541	6.41	0	443
NW_022145337.1_region	0	0	0.00	0	0
NW_022145338.1	1727	102	0.06	0	4
NW_022145338.1_region	0	0	0.00	0	0
NW_022145339.1	1708	39	0.02	0	2
NW_022145339.1_region	0	0	0.00	0	0
NW_022145340.1	1659	177	0.11	0	5
NW_022145340.1_region	0	0	0.00	0	0
NW_022145341.1	1599	190	0.12	0	4
NW_022145341.1_region	0	0	0.00	0	0
NW_022145342.1	1579	195	0.12	0	3
NW_022145342.1_region	0	0	0.00	0	0
NW_022145343.1	1570	322	0.21	0	8
NW_022145343.1_region	0	0	0.00	0	0
NW_022145344.1	1553	40	0.03	0	2
NW_022145344.1_region	0	0	0.00	0	0
NW_022145345.1	1540	5734	3.72	0	25
NW_022145345.1_region	0	0	0.00	0	0
NW_022145346.1	1528	467	0.31	0	4
NW_022145346.1_region	0	0	0.00	0	0
NW_022145347.1	1523	16902	11.10	0	43
NW_022145347.1_region	0	0	0.00	0	0
NW_022145348.1	76140	168761	2.22	0	257
NW_022145348.1_region	0	0	0.00	0	0
NW_022145349.1	1511	16139	10.68	0	102
NW_022145349.1_region	0	0	0.00	0	0
NW_022145350.1	1492	585	0.39	0	10
NW_022145350.1_region	0	0	0.00	0	0
NW_022145351.1	1491	103	0.07	0	4
NW_022145351.1_region	0	0	0.00	0	0
NW_022145354.1	1479	42	0.03	0	2
NW_022145354.1_region	0	0	0.00	0	0
NW_022145355.1	1460	479	0.33	0	10
NW_022145355.1_region	0	0	0.00	0	0
NW_022145356.1	1428	40	0.03	0	2
NW_022145356.1_region	0	0	0.00	0	0
NW_022145357.1	1387	75	0.05	0	2
NW_022145357.1_region	0	0	0.00	0	0
NW_022145358.1	1384	1123	0.81	0	12
NW_022145358.1_region	0	0	0.00	0	0
NW_022145359.1	60007	562352	9.37	0	1022
NW_022145359.1_region	0	0	0.00	0	0
NW_022145360.1	1362	7943	5.83	0	21
NW_022145360.1_region	0	0	0.00	0	0
NW_022145361.1	1362	375	0.28	0	8
NW_022145361.1_region	0	0	0.00	0	0
NW_022145362.1	1300	418	0.32	0	16
NW_022145362.1_region	0	0	0.00	0	0
NW_022145363.1	1277	3731	2.92	0	10
NW_022145363.1_region	0	0	0.00	0	0
NW_022145364.1	1265	190	0.15	0	4
NW_022145364.1_region	0	0	0.00	0	0
NW_022145365.1	1255	4781	3.81	0	13
NW_022145365.1_region	0	0	0.00	0	0
NW_022145366.1	1254	4635	3.70	0	13
NW_022145366.1_region	0	0	0.00	0	0
NW_022145367.1	1154	467	0.40	0	14
NW_022145367.1_region	0	0	0.00	0	0
NW_022145368.1	1142	86	0.08	0	2
NW_022145368.1_region	0	0	0.00	0	0
NW_022145369.1	1099	4247	3.86	0	20
NW_022145369.1_region	0	0	0.00	0	0
NW_022145370.1	74314	68446	0.92	0	196
NW_022145370.1_region	0	0	0.00	0	0
NW_022145371.1	1072	5717	5.33	0	15
NW_022145371.1_region	0	0	0.00	0	0
NW_022145372.1	1035	4167	4.03	0	18
NW_022145372.1_region	0	0	0.00	0	0
NW_022145373.1	1007	6552	6.51	0	37
NW_022145373.1_region	0	0	0.00	0	0
NW_022145374.1	1000	490	0.49	0	4
NW_022145374.1_region	0	0	0.00	0	0
NW_022145375.1	10000	22626	2.26	0	28
NW_022145375.1_region	0	0	0.00	0	0
NW_022145376.1	25000	685739	27.43	0	167
NW_022145376.1_region	1591	47303	29.73	0	121
NW_022145377.1	50000	647670	12.95	0	140
NW_022145377.1_region	612	3974	6.49	0	32
NW_022145378.1	26863	11087	0.41	0	217
NW_022145378.1_region	0	0	0.00	0	0
NW_022145379.1	23852	2373	0.10	0	18
NW_022145379.1_region	1275	38	0.03	0	2
NW_022145380.1	23611	3360	0.14	0	21
NW_022145380.1_region	1430	38	0.03	0	2
NW_022145381.1	55218	407107	7.37	0	290
NW_022145381.1_region	0	0	0.00	0	0
NW_022145382.1	23435	2309	0.10	0	14
NW_022145382.1_region	0	0	0.00	0	0
NW_022145383.1	21401	3435	0.16	0	38
NW_022145383.1_region	0	0	0.00	0	0
NW_022145384.1	19291	5333	0.28	0	92
NW_022145384.1_region	0	0	0.00	0	0
NW_022145385.1	18791	3101	0.17	0	20
NW_022145385.1_region	0	0	0.00	0	0
NW_022145386.1	18617	2219	0.12	0	10
NW_022145386.1_region	0	0	0.00	0	0
NW_022145387.1	17981	2064	0.11	0	10
NW_022145387.1_region	0	0	0.00	0	0
NW_022145388.1	17946	1424	0.08	0	10
NW_022145388.1_region	0	0	0.00	0	0
NW_022145389.1	17857	2845	0.16	0	12
NW_022145389.1_region	0	0	0.00	0	0
NW_022145390.1	21857	4029	0.18	0	34
NW_022145390.1_region	589	0	0.00	0	0
NW_022145391.1	33930	3720	0.11	0	14
NW_022145391.1_region	0	0	0.00	0	0
NW_022145392.1	88843	15113	0.17	0	25
NW_022145392.1_region	0	0	0.00	0	0
NW_022145393.1	22373	4907	0.22	0	64
NW_022145393.1_region	0	0	0.00	0	0
NW_022145394.1	20846	4363	0.21	0	32
NW_022145394.1_region	0	0	0.00	0	0
NW_022145395.1	18089	1802	0.10	0	14
NW_022145395.1_region	1125	0	0.00	0	0
NW_022145396.1	15624	2862	0.18	0	40
NW_022145396.1_region	0	0	0.00	0	0
NW_022145397.1	15314	1970	0.13	0	12
NW_022145397.1_region	3172	72	0.02	0	4
NW_022145398.1	146455	3486	0.02	0	7
NW_022145398.1_region	0	0	0.00	0	0
NW_022145399.1	17799	1189	0.07	0	10
NW_022145399.1_region	0	0	0.00	0	0
NW_022145400.1	17257	1788	0.10	0	10
NW_022145400.1_region	1338	0	0.00	0	0
NW_022145401.1	16486	4374	0.27	0	53
NW_022145401.1_region	573	0	0.00	0	0
NW_022145402.1	15178	1883	0.12	0	15
NW_022145402.1_region	0	0	0.00	0	0
NW_022145403.1	45037	2505	0.06	0	6
NW_022145403.1_region	0	0	0.00	0	0
NW_022145404.1	57045	193	0.00	0	2
NW_022145404.1_region	0	0	0.00	0	0
NW_022145405.1	22053	2186	0.10	0	16
NW_022145405.1_region	0	0	0.00	0	0
NW_022145406.1	43925	149933	3.41	0	122
NW_022145406.1_region	0	0	0.00	0	0
NW_022145407.1	24217	4692	0.19	0	51
NW_022145407.1_region	5022	0	0.00	0	0
NW_022145408.1	16015	4393	0.27	0	59
NW_022145408.1_region	0	0	0.00	0	0
NW_022145409.1	71395	142428	1.99	0	40
NW_022145409.1_region	0	0	0.00	0	0
NW_022145410.1	73525	850624	11.57	0	263
NW_022145410.1_region	0	0	0.00	0	0
NW_022145411.1	16065	3502	0.22	0	26
NW_022145411.1_region	740	0	0.00	0	0
NW_022145412.1	20205	1495	0.07	0	10
NW_022145412.1_region	0	0	0.00	0	0
NW_022145413.1	31795	54651	1.72	0	28
NW_022145413.1_region	0	0	0.00	0	0
NW_022145414.1	15341	1842	0.12	0	12
NW_022145414.1_region	0	0	0.00	0	0
NW_022145415.1	60355	160251	2.66	0	116
NW_022145415.1_region	0	0	0.00	0	0
NW_022145416.1	16986	2421	0.14	0	12
NW_022145416.1_region	1207	0	0.00	0	0
NW_022145417.1	51512	11157	0.22	0	37
NW_022145417.1_region	0	0	0.00	0	0
NW_022145418.1	17001	2070	0.12	0	22
NW_022145418.1_region	0	0	0.00	0	0
NW_022145419.1	67720	3221201	47.57	0	1352
NW_022145419.1_region	2640	378513	143.38	0	839
NW_022145420.1	35402	46669	1.32	0	150
NW_022145420.1_region	0	0	0.00	0	0
NW_022145421.1	23454	4890	0.21	0	50
NW_022145421.1_region	1191	38	0.03	0	2
NW_022145422.1	78273	218581	2.79	0	153
NW_022145422.1_region	0	0	0.00	0	0
NW_022145423.1	126508	25702	0.20	0	91
NW_022145423.1_region	0	0	0.00	0	0
NW_022145424.1	62776	424016	6.75	0	356
NW_022145424.1_region	0	0	0.00	0	0
NW_022145425.1	30360	14547	0.48	0	49
NW_022145425.1_region	0	0	0.00	0	0
NW_022145426.1	79185	16189	0.20	0	24
NW_022145426.1_region	0	0	0.00	0	0
NW_022145427.1	152116	690482	4.54	0	417
NW_022145427.1_region	10674	500005	46.84	0	122
NW_022145428.1	65691	1332529	20.28	0	5055
NW_022145428.1_region	0	0	0.00	0	0
NW_022145429.1	66232	749012	11.31	0	310
NW_022145429.1_region	919	5407	5.88	0	19
NW_022145430.1	42199	103683	2.46	0	428
NW_022145430.1_region	0	0	0.00	0	0
NW_022145431.1	56568	940465	16.63	0	1290
NW_022145431.1_region	3939	55480	14.08	0	49
NW_022145432.1	111484	1052720	9.44	0	722
NW_022145432.1_region	0	0	0.00	0	0
NW_022145433.1	30854	89737	2.91	0	135
NW_022145433.1_region	0	0	0.00	0	0
NW_022145434.1	18775	2681	0.14	0	41
NW_022145434.1_region	0	0	0.00	0	0
NW_022145435.1	122365	559907	4.58	0	747
NW_022145435.1_region	0	0	0.00	0	0
NW_022145436.1	31453	30021	0.95	0	95
NW_022145436.1_region	0	0	0.00	0	0
NW_022145437.1	105348	649721	6.17	0	592
NW_022145437.1_region	1621	24002	14.81	0	38
NW_022145438.1	53375	385911	7.23	0	2026
NW_022145438.1_region	0	0	0.00	0	0
NW_022145439.1	77972	646465	8.29	0	801
NW_022145439.1_region	0	0	0.00	0	0
NW_022145440.1	82617	971002	11.75	0	430
NW_022145440.1_region	0	0	0.00	0	0
NW_022145441.1	62133	396569	6.38	0	2677
NW_022145441.1_region	0	0	0.00	0	0
NW_022145442.1	41935	6011	0.14	0	22
NW_022145442.1_region	0	0	0.00	0	0
NW_022145443.1	40287	560167	13.90	0	413
NW_022145443.1_region	0	0	0.00	0	0
NW_022145444.1	25197	72672	2.88	0	163
NW_022145444.1_region	0	0	0.00	0	0
NW_022145445.1	64732	159409	2.46	0	125
NW_022145445.1_region	0	0	0.00	0	0
NW_022145446.1	65218	467315	7.17	0	389
NW_022145446.1_region	0	0	0.00	0	0
NW_022145447.1	15922	11894	0.75	0	71
NW_022145447.1_region	0	0	0.00	0	0
NW_022145448.1	107340	33988	0.32	0	68
NW_022145448.1_region	0	0	0.00	0	0
NW_022145449.1	63868	91036	1.43	0	651
NW_022145449.1_region	0	0	0.00	0	0
NW_022145450.1	33901	38278	1.13	0	76
NW_022145450.1_region	0	0	0.00	0	0
NW_022145451.1	25217	91044	3.61	0	384
NW_022145451.1_region	0	0	0.00	0	0
NW_022145452.1	61174	5654	0.09	0	22
NW_022145452.1_region	0	0	0.00	0	0
NW_022145453.1	70260	68899	0.98	0	58
NW_022145453.1_region	0	0	0.00	0	0
NW_022145454.1	46400	36587	0.79	0	174
NW_022145454.1_region	0	0	0.00	0	0
NW_022145455.1	47120	155322	3.30	0	881
NW_022145455.1_region	0	0	0.00	0	0
NW_022145456.1	130804	10553284	80.68	0	3837
NW_022145456.1_region	4653	210545	45.25	0	452
NW_022145457.1	100977	7744895	76.70	0	3992
NW_022145457.1_region	6696	445708	66.56	0	252
NW_022145458.1	16456	5749	0.35	0	74
NW_022145458.1_region	0	0	0.00	0	0
NW_022145459.1	25000	1337850	53.51	0	1537
NW_022145459.1_region	0	0	0.00	0	0
NW_022145460.1	50000	799809	16.00	0	265
NW_022145460.1_region	650	35698	54.92	1	134
NW_022145461.1	50000	1778330	35.57	0	976
NW_022145461.1_region	3013	110034	36.52	2	79
NW_022145462.1	50000	1610927	32.22	0	746
NW_022145462.1_region	8349	644064	77.14	0	746
NW_022145463.1	50000	2085593	41.71	0	1074
NW_022145463.1_region	1710	43083	25.19	0	97
NW_022145464.1	50000	2667529	53.35	0	1409
NW_022145464.1_region	1987	87553	44.06	0	104
NW_022145465.1	15000	812667	54.18	0	939
NW_022145465.1_region	2130	81385	38.21	0	90
NW_022145466.1	5000	3495	0.70	0	15
NW_022145466.1_region	0	0	0.00	0	0
NW_022145467.1	25000	350976	14.04	0	259
NW_022145467.1_region	854	14616	17.11	1	30
NW_022145468.1	25000	385	0.02	0	3
NW_022145468.1_region	0	0	0.00	0	0
NW_022145469.1	86957	173285	1.99	0	157
NW_022145469.1_region	0	0	0.00	0	0
NW_022145470.1	5000	12181	2.44	0	44
NW_022145470.1_region	0	0	0.00	0	0
NW_022145471.1	25000	1072059	42.88	0	991
NW_022145471.1_region	0	0	0.00	0	0
NW_022145472.1	25000	315018	12.60	0	158
NW_022145472.1_region	0	0	0.00	0	0
NW_022145473.1	25000	137240	5.49	0	92
NW_022145473.1_region	0	0	0.00	0	0
NW_022145474.1	25000	608175	24.33	0	560
NW_022145474.1_region	4583	47910	10.45	0	252
NW_022145475.1	1000	38	0.04	0	2
NW_022145475.1_region	0	0	0.00	0	0
NW_022145476.1	50000	1597705	31.95	0	614
NW_022145476.1_region	5958	155034	26.02	1	59
NW_022145477.1	25000	305758	12.23	0	134
NW_022145477.1_region	1769	31569	17.85	0	53
NW_022145478.1	50000	603809	12.08	0	441
NW_022145478.1_region	1912	115452	60.38	19	94
NW_022145479.1	5000	52878	10.58	0	90
NW_022145479.1_region	0	0	0.00	0	0
NW_022145480.1	15847	1247	0.08	0	16
NW_022145480.1_region	0	0	0.00	0	0
NW_022145481.1	25000	258306	10.33	0	97
NW_022145481.1_region	1828	58099	31.78	0	92
NW_022145482.1	25000	468174	18.73	0	264
NW_022145482.1_region	6670	97901	14.68	0	92
NW_022145483.1	25000	184449	7.38	0	163
NW_022145483.1_region	0	0	0.00	0	0
NW_022145484.1	5000	85981	17.20	0	96
NW_022145484.1_region	1920	50765	26.44	0	96
NW_022145485.1	5000	771230	154.25	0	2872
NW_022145485.1_region	0	0	0.00	0	0
NW_022145486.1	5000	157613	31.52	0	1239
NW_022145486.1_region	0	0	0.00	0	0
NW_022145487.1	50000	778598	15.57	0	397
NW_022145487.1_region	5526	169057	30.59	0	77
NW_022145488.1	40000	11436	0.29	0	48
NW_022145488.1_region	0	0	0.00	0	0
NW_022145489.1	25000	556442	22.26	0	497
NW_022145489.1_region	4981	157393	31.60	0	159
NW_022145490.1	50000	915457	18.31	0	418
NW_022145490.1_region	0	0	0.00	0	0
NW_022145491.1	115136	57819	0.50	0	224
NW_022145491.1_region	0	0	0.00	0	0
NW_022145492.1	50000	193500	3.87	0	446
NW_022145492.1_region	538	10134	18.84	2	54
NW_022145493.1	50000	1546632	30.93	0	751
NW_022145493.1_region	1727	46165	26.73	0	66
NW_022145494.1	25000	434993	17.40	0	283
NW_022145494.1_region	0	0	0.00	0	0
NW_022145495.1	50000	1146081	22.92	0	373
NW_022145495.1_region	0	0	0.00	0	0
NW_022145496.1	25000	1288576	51.54	0	349
NW_022145496.1_region	3257	236888	72.73	0	317
NW_022145497.1	25000	427599	17.10	0	341
NW_022145497.1_region	0	0	0.00	0	0
NW_022145498.1	25000	688378	27.54	0	293
NW_022145498.1_region	2020	110688	54.80	0	87
NW_022145499.1	50000	2165884	43.32	0	892
NW_022145499.1_region	2727	156683	57.46	0	208
NW_022145500.1	25000	598038	23.92	0	502
NW_022145500.1_region	0	0	0.00	0	0
NW_022145501.1	25000	1568717	62.75	0	1321
NW_022145501.1_region	0	0	0.00	0	0
NW_022145502.1	61323	8792	0.14	0	122
NW_022145502.1_region	0	0	0.00	0	0
NW_022145503.1	25000	431850	17.27	0	522
NW_022145503.1_region	0	0	0.00	0	0
NW_022145504.1	25000	342664	13.71	0	173
NW_022145504.1_region	818	43921	53.69	10	109
NW_022145505.1	25000	1006	0.04	0	2
NW_022145505.1_region	0	0	0.00	0	0
NW_022145506.1	50000	510645	10.21	0	403
NW_022145506.1_region	5037	60066	11.92	0	53
NW_022145507.1	240000	6017517	25.07	0	1354
NW_022145507.1_region	27118	622768	22.97	0	171
NW_022145508.1	256744	1388738	5.41	0	375
NW_022145508.1_region	10955	392879	35.86	0	235
NW_022145509.1	50000	1418312	28.37	0	359
NW_022145509.1_region	5447	274740	50.44	0	93
NW_022145510.1	50000	1133169	22.66	0	717
NW_022145510.1_region	4232	354515	83.77	26	717
NW_022145511.1	125000	1526738	12.21	0	755
NW_022145511.1_region	956	20146	21.07	2	51
NW_022145512.1	264514	5655578	21.38	0	3994
NW_022145512.1_region	12524	287792	22.98	0	105
NW_022145513.1	15455	2022	0.13	0	28
NW_022145513.1_region	0	0	0.00	0	0
NW_022145514.1	1221726	30338859	24.83	0	1307
NW_022145514.1_region	109282	4139309	37.88	0	461
NW_022145515.1	446053	9118126	20.44	0	1593
NW_022145515.1_region	26078	702178	26.93	0	205
NW_022145516.1	1773824	58128857	32.77	0	4691
NW_022145516.1_region	80432	3041114	37.81	0	687
NW_022145517.1	410634	8712623	21.22	0	890
NW_022145517.1_region	36382	1186554	32.61	0	296
NW_022145518.1	296294	4308064	14.54	0	1141
NW_022145518.1_region	33611	989944	29.45	0	144
NW_022145519.1	501666	12631689	25.18	0	1160
NW_022145519.1_region	63098	2287614	36.25	0	251
NW_022145520.1	2604766	57072954	21.91	0	3642
NW_022145520.1_region	212256	5766426	27.17	0	207
NW_022145521.1	834627	17807510	21.34	0	1835
NW_022145521.1_region	62510	1634767	26.15	0	195
NW_022145522.1	601000	13692796	22.78	0	1195
NW_022145522.1_region	57876	1391792	24.05	0	218
NW_022145523.1	367191	7266527	19.79	0	693
NW_022145523.1_region	27941	762413	27.29	0	162
NW_022145524.1	25673	4198	0.16	0	21
NW_022145524.1_region	1236	0	0.00	0	0
NW_022145525.1	496028	11388167	22.96	0	1920
NW_022145525.1_region	64256	1873848	29.16	0	1920
NW_022145526.1	2368880	60716493	25.63	0	2589
NW_022145526.1_region	177085	5614046	31.70	0	1121
NW_022145527.1	766201	18009127	23.50	0	2331
NW_022145527.1_region	97046	2586981	26.66	0	154
NW_022145528.1	991221	20917446	21.10	0	2310
NW_022145528.1_region	65731	2522365	38.37	0	1143
NW_022145529.1	437458	9820836	22.45	0	5762
NW_022145529.1_region	31770	691554	21.77	0	284
NW_022145530.1	684040	22230980	32.50	0	7510
NW_022145530.1_region	68328	3148616	46.08	0	5347
NW_022145531.1	219183	5373801	24.52	0	982
NW_022145531.1_region	23455	642694	27.40	0	236
NW_022145532.1	1289379	31916938	24.75	0	1488
NW_022145532.1_region	144914	3874298	26.74	0	554
NW_022145533.1	364073	9501878	26.10	0	2606
NW_022145533.1_region	43169	1302448	30.17	0	334
NW_022145534.1	1128541	25552377	22.64	0	902
NW_022145534.1_region	98475	3021964	30.69	0	155
NW_022145535.1	17605	2174	0.12	0	14
NW_022145535.1_region	0	0	0.00	0	0
NW_022145536.1	139137	1641692	11.80	0	208
NW_022145536.1_region	8764	247728	28.27	0	208
NW_022145537.1	426703	13055414	30.60	0	4382
NW_022145537.1_region	41974	1336255	31.84	0	247
NW_022145538.1	583819	12960918	22.20	0	1658
NW_022145538.1_region	59943	1493136	24.91	0	172
NW_022145539.1	1685109	47404360	28.13	0	4174
NW_022145539.1_region	134438	4179694	31.09	0	687
NW_022145540.1	549706	12765167	23.22	0	1399
NW_022145540.1_region	89642	2886521	32.20	0	262
NW_022145541.1	1073309	26003686	24.23	0	1770
NW_022145541.1_region	80966	2240460	27.67	0	348
NW_022145542.1	1383299	37093278	26.82	0	5273
NW_022145542.1_region	137462	3785762	27.54	0	196
NW_022145543.1	1596249	34662066	21.71	0	11235
NW_022145543.1_region	159260	4110794	25.81	0	180
NW_022145544.1	2048326	45393670	22.16	0	2256
NW_022145544.1_region	218318	6716934	30.77	0	438
NW_022145545.1	1678063	42900335	25.57	0	4628
NW_022145545.1_region	224261	7175360	32.00	0	496
NW_022145546.1	53450	688	0.01	0	4
NW_022145546.1_region	0	0	0.00	0	0
NW_022145547.1	2234538	54087066	24.21	0	4686
NW_022145547.1_region	219929	5240717	23.83	0	422
NW_022145548.1	722242	17971588	24.88	0	2951
NW_022145548.1_region	64020	1777915	27.77	0	464
NW_022145549.1	1791521	46139221	25.75	0	4314
NW_022145549.1_region	126550	3847815	30.41	0	832
NW_022145550.1	1496376	30078498	20.10	0	2104
NW_022145550.1_region	125726	3521703	28.01	0	427
NW_022145551.1	2795456	73086093	26.14	0	11323
NW_022145551.1_region	254034	7808155	30.74	0	574
NW_022145552.1	2303257	54751242	23.77	0	1680
NW_022145552.1_region	247523	7990965	32.28	0	1680
NW_022145553.1	1021577	25322955	24.79	0	5856
NW_022145553.1_region	75587	2024177	26.78	0	166
NW_022145554.1	2052140	47473012	23.13	0	1185
NW_022145554.1_region	246764	7586870	30.75	0	417
NW_022145555.1	898903	20761993	23.10	0	4701
NW_022145555.1_region	89441	2233462	24.97	0	308
NW_022145556.1	638884	17735944	27.76	0	2695
NW_022145556.1_region	7919	494076	62.39	0	259
NW_022145557.1	22264	1861	0.08	0	10
NW_022145557.1_region	840	0	0.00	0	0
NW_022145558.1	2570869	63344300	24.64	0	3513
NW_022145558.1_region	200527	6352919	31.68	0	781
NW_022145559.1	1083236	40873806	37.73	0	2354
NW_022145559.1_region	88119	5736911	65.10	0	1223
NW_022145560.1	1242028	38713733	31.17	0	1861
NW_022145560.1_region	124116	4562350	36.76	0	1041
NW_022145561.1	1175743	24947800	21.22	0	1157
NW_022145561.1_region	103482	3538459	34.19	0	262
NW_022145562.1	889695	22631722	25.44	0	3055
NW_022145562.1_region	54539	1432916	26.27	0	182
NW_022145563.1	1261903	30472370	24.15	0	2284
NW_022145563.1_region	137111	4973938	36.28	0	485
NW_022145564.1	710235	15731956	22.15	0	1228
NW_022145564.1_region	28828	1295738	44.95	0	456
NW_022145565.1	722416	15138961	20.96	0	2169
NW_022145565.1_region	75245	1940729	25.79	0	319
NW_022145566.1	3042594	76452009	25.13	0	4643
NW_022145566.1_region	348059	10286409	29.55	0	449
NW_022145567.1	781304	21004012	26.88	0	1992
NW_022145567.1_region	70878	2578424	36.38	0	532
NW_022145568.1	22583	3183	0.14	0	15
NW_022145568.1_region	0	0	0.00	0	0
NW_022145569.1	494736	16192739	32.73	0	10197
NW_022145569.1_region	33337	914066	27.42	0	249
NW_022145570.1	4944709	109310502	22.11	0	7851
NW_022145570.1_region	427930	14492145	33.87	0	1473
NW_022145571.1	1505274	51128087	33.97	0	48707
NW_022145571.1_region	141637	4113770	29.04	0	1274
NW_022145572.1	1505788	32097105	21.32	0	3026
NW_022145572.1_region	118078	4858537	41.15	0	2225
NW_022145573.1	529305	12120509	22.90	0	1430
NW_022145573.1_region	45206	1312019	29.02	0	375
NW_022145574.1	1404637	37822203	26.93	0	2271
NW_022145574.1_region	140119	4171723	29.77	0	453
NW_022145575.1	3300603	82088784	24.87	0	13014
NW_022145575.1_region	262357	6928253	26.41	0	517
NW_022145576.1	2906720	73926449	25.43	0	4099
NW_022145576.1_region	257482	8713144	33.84	0	481
NW_022145577.1	252291	5569867	22.08	0	750
NW_022145577.1_region	25499	499342	19.58	0	143
NW_022145578.1	630834	13159453	20.86	0	1849
NW_022145578.1_region	79747	3099554	38.87	0	458
NW_022145579.1	83414	80189	0.96	0	90
NW_022145579.1_region	0	0	0.00	0	0
NW_022145580.1	1039218	23231501	22.35	0	1316
NW_022145580.1_region	107627	2791278	25.93	0	314
NW_022145581.1	427848	8239743	19.26	0	1677
NW_022145581.1_region	47943	1152607	24.04	0	267
NW_022145582.1	15763	1557	0.10	0	10
NW_022145582.1_region	1211	0	0.00	0	0
NW_022145583.1	16615	1454	0.09	0	10
NW_022145583.1_region	860	0	0.00	0	0
NW_022145584.1	16732	2675	0.16	0	34
NW_022145584.1_region	702	0	0.00	0	0
NW_022145585.1	21525	3464	0.16	0	22
NW_022145585.1_region	0	0	0.00	0	0
NW_022145586.1	22644	3239	0.14	0	14
NW_022145586.1_region	0	0	0.00	0	0
NW_022145587.1	22806	3191	0.14	0	16
NW_022145587.1_region	2589	0	0.00	0	0
NW_022145588.1	61109	2800	0.05	0	18
NW_022145588.1_region	0	0	0.00	0	0
NW_022145589.1	111277	2703	0.02	0	5
NW_022145589.1_region	0	0	0.00	0	0
NW_022145591.1	92921	51288	0.55	0	36
NW_022145591.1_region	0	0	0.00	0	0
NW_022145592.1	82943	671	0.01	0	10
NW_022145592.1_region	0	0	0.00	0	0
NW_022145593.1	66312	76	0.00	0	2
NW_022145593.1_region	0	0	0.00	0	0
NW_022145594.1	53101916	1751137352	32.98	0	21135
NW_022145594.1_region	3518700	176247369	50.09	0	5022
NW_022145595.1	29984350	1014085665	33.82	0	7845
NW_022145595.1_region	2698509	137875244	51.09	0	3366
NW_022145596.1	33320444	1119554888	33.60	0	22429
NW_022145596.1_region	3291199	160189117	48.67	0	4075
NW_022145597.1	34141700	1220157212	35.74	0	39621
NW_022145597.1_region	3034785	182335721	60.08	0	12923
NW_022145598.1	37305039	1120707992	30.04	0	13897
NW_022145598.1_region	2728783	119550926	43.81	0	2976
NW_022145599.1	37767046	1215103793	32.17	0	12087
NW_022145599.1_region	3894798	181904512	46.70	0	2267
NW_022145600.1	37282239	1194108636	32.03	0	10995
NW_022145600.1_region	3441413	158688326	46.11	0	2213
NW_022145601.1	35007347	1167573567	33.35	0	43493
NW_022145601.1_region	3029754	145950425	48.17	0	3578
NW_022145602.1	30021120	890208991	29.65	0	13937
NW_022145602.1_region	2255655	95426247	42.31	0	1902
NW_022145603.1	34285068	1195838648	34.88	0	27434
NW_022145603.1_region	2227231	104350289	46.85	0	11436
NW_022145604.1	33742549	1031184365	30.56	0	13969
NW_022145604.1_region	2908891	123828529	42.57	0	2287
NW_022145605.1	42589791	1400933716	32.89	0	25833
NW_022145605.1_region	4109591	187040677	45.51	0	2446
NW_022145606.1	52437917	1756156437	33.49	0	37256
NW_022145606.1_region	3179802	137653053	43.29	0	2244
NW_022145607.1	45798072	1466125583	32.01	0	54871
NW_022145607.1_region	3702770	180575492	48.77	0	11575
NW_022145608.1	80573	429377	5.33	0	336
NW_022145608.1_region	446	6523	14.63	0	33
NW_022145609.1	39838600	1235180267	31.00	0	22232
NW_022145609.1_region	3533833	163883189	46.38	0	4169
NW_022145610.1	35917773	1148594339	31.98	0	25299
NW_022145610.1_region	3191992	153867155	48.20	0	2971
NW_022145611.1	45225044	1589953836	35.16	0	20859
NW_022145611.1_region	5090928	256998141	50.48	0	3921
NW_022145612.1	62154208	2168462493	34.89	0	23274
NW_022145612.1_region	7644422	370218886	48.43	0	1509
NW_022145613.1	39667378	1370697906	34.55	0	24542
NW_022145613.1_region	4227065	213514944	50.51	0	3537
NW_022145614.1	33637615	1242340557	36.93	0	9141
NW_022145614.1_region	3698046	192519603	52.06	0	2900
NW_022145615.1	35239632	1237991046	35.13	0	44475
NW_022145615.1_region	3497029	178003713	50.90	0	28778
NC_001453.1	15650	5504931	351.75	0	704
NC_001453.1_region	0	0	0.00	0	0
total	921707723	29593540115	32.11	0	54871
total_region	82299613	3847427982	46.75	0	28778
