chrom	length	bases	mean	min	max
NW_022144746.1	64836	152	0.00	0	2
NW_022144746.1_region	0	0	0.00	0	0
NW_022144747.1	60028	291	0.00	0	4
NW_022144747.1_region	0	0	0.00	0	0
NW_022144748.1	57988	3002	0.05	0	10
NW_022144748.1_region	939	19	0.02	0	1
NW_022144750.1	47351	38	0.00	0	2
NW_022144750.1_region	0	0	0.00	0	0
NW_022144751.1	44134	3864	0.09	0	22
NW_022144751.1_region	4170	176	0.04	0	3
NW_022144753.1	32290	4311	0.13	0	38
NW_022144753.1_region	819	0	0.00	0	0
NW_022144754.1	30490	375	0.01	0	6
NW_022144754.1_region	0	0	0.00	0	0
NW_022144755.1	29101	5485	0.19	0	66
NW_022144755.1_region	0	0	0.00	0	0
NW_022144756.1	26146	4405	0.17	0	15
NW_022144756.1_region	0	0	0.00	0	0
NW_022144757.1	25658	2519	0.10	0	21
NW_022144757.1_region	2781	0	0.00	0	0
NW_022144758.1	25340	2317	0.09	0	12
NW_022144758.1_region	0	0	0.00	0	0
NW_022144759.1	25179	2786	0.11	0	10
NW_022144759.1_region	8430	743	0.09	0	10
NW_022144760.1	24030	2771	0.12	0	7
NW_022144760.1_region	996	38	0.04	0	2
NW_022144761.1	23711	4432	0.19	0	16
NW_022144761.1_region	0	0	0.00	0	0
NW_022144762.1	23070	3390	0.15	0	16
NW_022144762.1_region	1032	0	0.00	0	0
NW_022144763.1	22953	2424	0.11	0	14
NW_022144763.1_region	2952	19	0.01	0	1
NW_022144764.1	22620	3486	0.15	0	18
NW_022144764.1_region	2640	4	0.00	0	2
NW_022144765.1	22433	383	0.02	0	8
NW_022144765.1_region	11148	83	0.01	0	3
NW_022144766.1	21973	3479	0.16	0	14
NW_022144766.1_region	0	0	0.00	0	0
NW_022144767.1	21667	3515	0.16	0	18
NW_022144767.1_region	0	0	0.00	0	0
NW_022144768.1	21625	3797	0.18	0	16
NW_022144768.1_region	0	0	0.00	0	0
NW_022144769.1	21387	4052	0.19	0	20
NW_022144769.1_region	0	0	0.00	0	0
NW_022144770.1	21139	2715	0.13	0	14
NW_022144770.1_region	3847	152	0.04	0	4
NW_022144771.1	21068	3383	0.16	0	14
NW_022144771.1_region	0	0	0.00	0	0
NW_022144772.1	21005	3567	0.17	0	24
NW_022144772.1_region	0	0	0.00	0	0
NW_022144773.1	20784	3386	0.16	0	28
NW_022144773.1_region	0	0	0.00	0	0
NW_022144774.1	20670	2352	0.11	0	14
NW_022144774.1_region	0	0	0.00	0	0
NW_022144775.1	20129	2600	0.13	0	10
NW_022144775.1_region	0	0	0.00	0	0
NW_022144776.1	19833	4531	0.23	0	26
NW_022144776.1_region	1593	0	0.00	0	0
NW_022144777.1	19372	3819	0.20	0	17
NW_022144777.1_region	0	0	0.00	0	0
NW_022144778.1	19224	2173	0.11	0	38
NW_022144778.1_region	1185	0	0.00	0	0
NW_022144779.1	18924	1191	0.06	0	18
NW_022144779.1_region	4515	0	0.00	0	0
NW_022144780.1	18903	2038	0.11	0	22
NW_022144780.1_region	0	0	0.00	0	0
NW_022144781.1	18719	2449	0.13	0	10
NW_022144781.1_region	0	0	0.00	0	0
NW_022144782.1	18716	2982	0.16	0	18
NW_022144782.1_region	0	0	0.00	0	0
NW_022144783.1	18557	3196	0.17	0	14
NW_022144783.1_region	312	0	0.00	0	0
NW_022144784.1	18439	1817	0.10	0	14
NW_022144784.1_region	0	0	0.00	0	0
NW_022144785.1	18330	2891	0.16	0	13
NW_022144785.1_region	0	0	0.00	0	0
NW_022144786.1	18214	2835	0.16	0	14
NW_022144786.1_region	0	0	0.00	0	0
NW_022144787.1	18153	3883	0.21	0	100
NW_022144787.1_region	0	0	0.00	0	0
NW_022144788.1	17951	2298	0.13	0	8
NW_022144788.1_region	0	0	0.00	0	0
NW_022144789.1	17798	6036	0.34	0	44
NW_022144789.1_region	0	0	0.00	0	0
NW_022144790.1	17754	1266	0.07	0	8
NW_022144790.1_region	3724	66	0.02	0	3
NW_022144791.1	17648	2340	0.13	0	16
NW_022144791.1_region	0	0	0.00	0	0
NW_022144792.1	17542	5531	0.32	0	144
NW_022144792.1_region	1403	0	0.00	0	0
NW_022144793.1	17493	2111	0.12	0	11
NW_022144793.1_region	0	0	0.00	0	0
NW_022144794.1	17213	3492	0.20	0	16
NW_022144794.1_region	0	0	0.00	0	0
NW_022144795.1	17172	1751	0.10	0	16
NW_022144795.1_region	0	0	0.00	0	0
NW_022144796.1	17039	2528	0.15	0	22
NW_022144796.1_region	894	114	0.13	0	6
NW_022144797.1	17012	4236	0.25	0	23
NW_022144797.1_region	0	0	0.00	0	0
NW_022144798.1	16271	2462	0.15	0	10
NW_022144798.1_region	0	0	0.00	0	0
NW_022144799.1	16212	3884	0.24	0	13
NW_022144799.1_region	1650	21	0.01	0	1
NW_022144800.1	16196	1008	0.06	0	6
NW_022144800.1_region	0	0	0.00	0	0
NW_022144801.1	16082	3777	0.23	0	28
NW_022144801.1_region	0	0	0.00	0	0
NW_022144802.1	16073	3294	0.20	0	22
NW_022144802.1_region	0	0	0.00	0	0
NW_022144803.1	15882	2902	0.18	0	14
NW_022144803.1_region	0	0	0.00	0	0
NW_022144804.1	15872	1496	0.09	0	8
NW_022144804.1_region	1277	0	0.00	0	0
NW_022144805.1	15755	1731	0.11	0	14
NW_022144805.1_region	0	0	0.00	0	0
NW_022144806.1	15729	1871	0.12	0	16
NW_022144806.1_region	0	0	0.00	0	0
NW_022144807.1	15717	409	0.03	0	4
NW_022144807.1_region	0	0	0.00	0	0
NW_022144808.1	15697	2531	0.16	0	10
NW_022144808.1_region	0	0	0.00	0	0
NW_022144809.1	15254	3343	0.22	0	17
NW_022144809.1_region	624	0	0.00	0	0
NW_022144810.1	15245	2531	0.17	0	13
NW_022144810.1_region	0	0	0.00	0	0
NW_022144811.1	15184	2353	0.15	0	31
NW_022144811.1_region	1176	72	0.06	0	6
NW_022144812.1	15180	1689	0.11	0	12
NW_022144812.1_region	0	0	0.00	0	0
NW_022144813.1	64470	367793	5.70	0	224
NW_022144813.1_region	2668	26573	9.96	0	64
NW_022144814.1	20273	3192	0.16	0	18
NW_022144814.1_region	0	0	0.00	0	0
NW_022144815.1	19793	3384	0.17	0	15
NW_022144815.1_region	0	0	0.00	0	0
NW_022144816.1	18134	2210	0.12	0	11
NW_022144816.1_region	555	0	0.00	0	0
NW_022144817.1	17838	2393	0.13	0	8
NW_022144817.1_region	0	0	0.00	0	0
NW_022144818.1	15663	4130	0.26	0	64
NW_022144818.1_region	0	0	0.00	0	0
NW_022144819.1	25897	237408	9.17	0	297
NW_022144819.1_region	1580	94557	59.85	0	297
NW_022144820.1	14953	2042	0.14	0	28
NW_022144820.1_region	0	0	0.00	0	0
NW_022144821.1	14859	2729	0.18	0	12
NW_022144821.1_region	0	0	0.00	0	0
NW_022144822.1	14838	374	0.03	0	6
NW_022144822.1_region	0	0	0.00	0	0
NW_022144823.1	14815	3780	0.26	0	70
NW_022144823.1_region	0	0	0.00	0	0
NW_022144824.1	14806	3056	0.21	0	17
NW_022144824.1_region	0	0	0.00	0	0
NW_022144825.1	14766	1805	0.12	0	16
NW_022144825.1_region	0	0	0.00	0	0
NW_022144826.1	14747	2336	0.16	0	12
NW_022144826.1_region	0	0	0.00	0	0
NW_022144827.1	14741	2232	0.15	0	11
NW_022144827.1_region	0	0	0.00	0	0
NW_022144828.1	14710	1992	0.14	0	10
NW_022144828.1_region	1104	0	0.00	0	0
NW_022144829.1	14707	2964	0.20	0	18
NW_022144829.1_region	0	0	0.00	0	0
NW_022144830.1	14679	2879	0.20	0	14
NW_022144830.1_region	549	0	0.00	0	0
NW_022144831.1	14604	1835	0.13	0	16
NW_022144831.1_region	0	0	0.00	0	0
NW_022144832.1	14536	1757	0.12	0	9
NW_022144832.1_region	0	0	0.00	0	0
NW_022144833.1	14472	2492	0.17	0	25
NW_022144833.1_region	0	0	0.00	0	0
NW_022144834.1	14424	3695	0.26	0	18
NW_022144834.1_region	0	0	0.00	0	0
NW_022144835.1	14392	70740	4.92	0	154
NW_022144835.1_region	0	0	0.00	0	0
NW_022144836.1	14366	2147	0.15	0	18
NW_022144836.1_region	0	0	0.00	0	0
NW_022144837.1	14316	1838	0.13	0	11
NW_022144837.1_region	474	0	0.00	0	0
NW_022144838.1	14178	2550	0.18	0	10
NW_022144838.1_region	557	0	0.00	0	0
NW_022144839.1	14036	3301	0.24	0	12
NW_022144839.1_region	0	0	0.00	0	0
NW_022144840.1	13984	7145	0.51	0	111
NW_022144840.1_region	0	0	0.00	0	0
NW_022144841.1	13922	1845	0.13	0	8
NW_022144841.1_region	642	0	0.00	0	0
NW_022144842.1	13691	5756	0.42	0	39
NW_022144842.1_region	765	0	0.00	0	0
NW_022144843.1	13690	1522	0.11	0	12
NW_022144843.1_region	825	0	0.00	0	0
NW_022144844.1	13628	1585	0.12	0	16
NW_022144844.1_region	975	101	0.10	0	14
NW_022144845.1	13496	3594	0.27	0	18
NW_022144845.1_region	0	0	0.00	0	0
NW_022144846.1	13451	5192	0.39	0	86
NW_022144846.1_region	0	0	0.00	0	0
NW_022144847.1	13443	3368	0.25	0	16
NW_022144847.1_region	0	0	0.00	0	0
NW_022144848.1	13325	2876	0.22	0	20
NW_022144848.1_region	0	0	0.00	0	0
NW_022144849.1	13232	2429	0.18	0	12
NW_022144849.1_region	501	0	0.00	0	0
NW_022144850.1	13217	1055	0.08	0	10
NW_022144850.1_region	0	0	0.00	0	0
NW_022144851.1	13037	3560	0.27	0	26
NW_022144851.1_region	0	0	0.00	0	0
NW_022144852.1	13005	1103	0.08	0	6
NW_022144852.1_region	0	0	0.00	0	0
NW_022144854.1	12677	2961	0.23	0	44
NW_022144854.1_region	0	0	0.00	0	0
NW_022144855.1	12615	2280	0.18	0	13
NW_022144855.1_region	0	0	0.00	0	0
NW_022144856.1	12598	2046	0.16	0	14
NW_022144856.1_region	0	0	0.00	0	0
NW_022144857.1	12436	1747	0.14	0	19
NW_022144857.1_region	0	0	0.00	0	0
NW_022144858.1	12426	1819	0.15	0	20
NW_022144858.1_region	0	0	0.00	0	0
NW_022144859.1	12331	2073	0.17	0	14
NW_022144859.1_region	690	0	0.00	0	0
NW_022144860.1	12325	2903	0.24	0	26
NW_022144860.1_region	0	0	0.00	0	0
NW_022144861.1	12317	2181	0.18	0	10
NW_022144861.1_region	0	0	0.00	0	0
NW_022144862.1	12297	1285	0.10	0	9
NW_022144862.1_region	657	0	0.00	0	0
NW_022144863.1	12291	2069	0.17	0	14
NW_022144863.1_region	0	0	0.00	0	0
NW_022144864.1	12247	2061	0.17	0	10
NW_022144864.1_region	0	0	0.00	0	0
NW_022144865.1	12235	1162	0.09	0	10
NW_022144865.1_region	495	0	0.00	0	0
NW_022144866.1	12202	2276	0.19	0	12
NW_022144866.1_region	0	0	0.00	0	0
NW_022144867.1	12165	1875	0.15	0	16
NW_022144867.1_region	0	0	0.00	0	0
NW_022144868.1	12125	1600	0.13	0	11
NW_022144868.1_region	0	0	0.00	0	0
NW_022144869.1	12087	3013	0.25	0	11
NW_022144869.1_region	0	0	0.00	0	0
NW_022144870.1	11997	1712	0.14	0	14
NW_022144870.1_region	0	0	0.00	0	0
NW_022144871.1	11989	3071	0.26	0	23
NW_022144871.1_region	0	0	0.00	0	0
NW_022144872.1	11899	2964	0.25	0	26
NW_022144872.1_region	0	0	0.00	0	0
NW_022144873.1	11852	3163	0.27	0	13
NW_022144873.1_region	1830	267	0.15	0	8
NW_022144874.1	11838	1632	0.14	0	10
NW_022144874.1_region	0	0	0.00	0	0
NW_022144875.1	11825	1148	0.10	0	10
NW_022144875.1_region	469	81	0.17	0	4
NW_022144876.1	11673	5277	0.45	0	72
NW_022144876.1_region	0	0	0.00	0	0
NW_022144877.1	11635	2556	0.22	0	23
NW_022144877.1_region	0	0	0.00	0	0
NW_022144878.1	11630	678	0.06	0	8
NW_022144878.1_region	1896	6	0.00	0	2
NW_022144879.1	11539	2351	0.20	0	21
NW_022144879.1_region	0	0	0.00	0	0
NW_022144880.1	11518	3686	0.32	0	26
NW_022144880.1_region	0	0	0.00	0	0
NW_022144881.1	11448	2152	0.19	0	23
NW_022144881.1_region	0	0	0.00	0	0
NW_022144882.1	11400	2724	0.24	0	30
NW_022144882.1_region	0	0	0.00	0	0
NW_022144883.1	11312	2260	0.20	0	38
NW_022144883.1_region	0	0	0.00	0	0
NW_022144884.1	11268	2487	0.22	0	15
NW_022144884.1_region	0	0	0.00	0	0
NW_022144885.1	11127	5625	0.51	0	186
NW_022144885.1_region	0	0	0.00	0	0
NW_022144886.1	74569	555847	7.45	0	1840
NW_022144886.1_region	0	0	0.00	0	0
NW_022144887.1	11069	2819	0.25	0	26
NW_022144887.1_region	0	0	0.00	0	0
NW_022144888.1	11058	2968	0.27	0	19
NW_022144888.1_region	0	0	0.00	0	0
NW_022144889.1	11056	1327	0.12	0	12
NW_022144889.1_region	0	0	0.00	0	0
NW_022144890.1	10990	1332	0.12	0	10
NW_022144890.1_region	957	0	0.00	0	0
NW_022144891.1	10968	1552	0.14	0	11
NW_022144891.1_region	0	0	0.00	0	0
NW_022144892.1	10910	675	0.06	0	8
NW_022144892.1_region	0	0	0.00	0	0
NW_022144893.1	10903	2027	0.19	0	12
NW_022144893.1_region	0	0	0.00	0	0
NW_022144894.1	10814	759	0.07	0	10
NW_022144894.1_region	0	0	0.00	0	0
NW_022144895.1	10747	904	0.08	0	8
NW_022144895.1_region	0	0	0.00	0	0
NW_022144896.1	10744	1131	0.11	0	8
NW_022144896.1_region	1205	172	0.14	0	5
NW_022144897.1	116516	5486560	47.09	0	8043
NW_022144897.1_region	8798	113420	12.89	0	31
NW_022144898.1	10667	12905	1.21	0	128
NW_022144898.1_region	503	153	0.30	0	4
NW_022144899.1	10605	1718	0.16	0	9
NW_022144899.1_region	0	0	0.00	0	0
NW_022144900.1	10598	2107	0.20	0	18
NW_022144900.1_region	0	0	0.00	0	0
NW_022144901.1	10582	1609	0.15	0	12
NW_022144901.1_region	1699	38	0.02	0	2
NW_022144902.1	10532	2904	0.28	0	72
NW_022144902.1_region	0	0	0.00	0	0
NW_022144903.1	10529	2207	0.21	0	14
NW_022144903.1_region	0	0	0.00	0	0
NW_022144904.1	10526	1569	0.15	0	12
NW_022144904.1_region	335	0	0.00	0	0
NW_022144905.1	10508	2993	0.28	0	71
NW_022144905.1_region	0	0	0.00	0	0
NW_022144906.1	10376	2521	0.24	0	20
NW_022144906.1_region	395	0	0.00	0	0
NW_022144907.1	10259	524	0.05	0	8
NW_022144907.1_region	0	0	0.00	0	0
NW_022144908.1	57212	718073	12.55	0	177
NW_022144908.1_region	0	0	0.00	0	0
NW_022144909.1	10257	2112	0.21	0	21
NW_022144909.1_region	0	0	0.00	0	0
NW_022144910.1	10238	2770	0.27	0	22
NW_022144910.1_region	0	0	0.00	0	0
NW_022144911.1	10215	1513	0.15	0	7
NW_022144911.1_region	1194	200	0.17	0	6
NW_022144912.1	10118	1395	0.14	0	13
NW_022144912.1_region	0	0	0.00	0	0
NW_022144913.1	10045	1480	0.15	0	10
NW_022144913.1_region	0	0	0.00	0	0
NW_022144914.1	10027	1072	0.11	0	8
NW_022144914.1_region	0	0	0.00	0	0
NW_022144915.1	10023	5172	0.52	0	51
NW_022144915.1_region	0	0	0.00	0	0
NW_022144916.1	9977	334	0.03	0	4
NW_022144916.1_region	0	0	0.00	0	0
NW_022144917.1	9968	1796	0.18	0	14
NW_022144917.1_region	0	0	0.00	0	0
NW_022144918.1	9948	2638	0.27	0	29
NW_022144918.1_region	0	0	0.00	0	0
NW_022144919.1	101694	1115079	10.97	0	380
NW_022144919.1_region	0	0	0.00	0	0
NW_022144920.1	9893	1772	0.18	0	10
NW_022144920.1_region	0	0	0.00	0	0
NW_022144921.1	9870	1870	0.19	0	8
NW_022144921.1_region	0	0	0.00	0	0
NW_022144922.1	9860	1992	0.20	0	16
NW_022144922.1_region	0	0	0.00	0	0
NW_022144923.1	9823	130862	13.32	0	3903
NW_022144923.1_region	0	0	0.00	0	0
NW_022144924.1	9823	1747	0.18	0	12
NW_022144924.1_region	0	0	0.00	0	0
NW_022144925.1	9791	2715	0.28	0	16
NW_022144925.1_region	333	0	0.00	0	0
NW_022144926.1	9769	1039	0.11	0	17
NW_022144926.1_region	1017	0	0.00	0	0
NW_022144927.1	9710	2120	0.22	0	27
NW_022144927.1_region	0	0	0.00	0	0
NW_022144928.1	9694	1707	0.18	0	12
NW_022144928.1_region	740	0	0.00	0	0
NW_022144929.1	9642	1442	0.15	0	14
NW_022144929.1_region	0	0	0.00	0	0
NW_022144930.1	49449	798292	16.14	0	328
NW_022144930.1_region	920	25320	27.52	0	109
NW_022144931.1	9636	1842	0.19	0	14
NW_022144931.1_region	1002	6	0.01	0	2
NW_022144932.1	9590	2545	0.27	0	34
NW_022144932.1_region	0	0	0.00	0	0
NW_022144933.1	9519	5105	0.54	0	38
NW_022144933.1_region	0	0	0.00	0	0
NW_022144934.1	9503	2210	0.23	0	12
NW_022144934.1_region	586	0	0.00	0	0
NW_022144935.1	9369	1545	0.16	0	16
NW_022144935.1_region	0	0	0.00	0	0
NW_022144936.1	9315	2424	0.26	0	24
NW_022144936.1_region	0	0	0.00	0	0
NW_022144937.1	9305	1328	0.14	0	9
NW_022144937.1_region	0	0	0.00	0	0
NW_022144938.1	9294	1406	0.15	0	10
NW_022144938.1_region	0	0	0.00	0	0
NW_022144939.1	9275	1257	0.14	0	10
NW_022144939.1_region	0	0	0.00	0	0
NW_022144940.1	9267	1145	0.12	0	8
NW_022144940.1_region	0	0	0.00	0	0
NW_022144941.1	159342	1300752	8.16	0	1595
NW_022144941.1_region	10419	99670	9.57	0	53
NW_022144942.1	9236	3056	0.33	0	29
NW_022144942.1_region	0	0	0.00	0	0
NW_022144943.1	9207	3727	0.40	0	24
NW_022144943.1_region	0	0	0.00	0	0
NW_022144944.1	9202	1452	0.16	0	8
NW_022144944.1_region	0	0	0.00	0	0
NW_022144945.1	9131	1836	0.20	0	27
NW_022144945.1_region	489	0	0.00	0	0
NW_022144946.1	9108	2257	0.25	0	16
NW_022144946.1_region	0	0	0.00	0	0
NW_022144947.1	9060	1153	0.13	0	7
NW_022144947.1_region	0	0	0.00	0	0
NW_022144948.1	9047	2585	0.29	0	16
NW_022144948.1_region	627	6	0.01	0	2
NW_022144949.1	9042	1276	0.14	0	12
NW_022144949.1_region	0	0	0.00	0	0
NW_022144950.1	8932	1471	0.16	0	10
NW_022144950.1_region	0	0	0.00	0	0
NW_022144951.1	8878	3694	0.42	0	27
NW_022144951.1_region	0	0	0.00	0	0
NW_022144952.1	134345	752298	5.60	0	1878
NW_022144952.1_region	4213	9455	2.24	0	35
NW_022144953.1	8840	1572	0.18	0	14
NW_022144953.1_region	0	0	0.00	0	0
NW_022144954.1	8825	956	0.11	0	6
NW_022144954.1_region	468	0	0.00	0	0
NW_022144955.1	8703	2666	0.31	0	18
NW_022144955.1_region	0	0	0.00	0	0
NW_022144956.1	8644	3190	0.37	0	32
NW_022144956.1_region	0	0	0.00	0	0
NW_022144957.1	8617	1952	0.23	0	15
NW_022144957.1_region	0	0	0.00	0	0
NW_022144958.1	8592	1974	0.23	0	24
NW_022144958.1_region	0	0	0.00	0	0
NW_022144959.1	8588	977	0.11	0	13
NW_022144959.1_region	0	0	0.00	0	0
NW_022144960.1	8539	903	0.11	0	10
NW_022144960.1_region	0	0	0.00	0	0
NW_022144961.1	8519	1536	0.18	0	12
NW_022144961.1_region	0	0	0.00	0	0
NW_022144962.1	8514	1052	0.12	0	6
NW_022144962.1_region	0	0	0.00	0	0
NW_022144963.1	63343	126922	2.00	0	142
NW_022144963.1_region	868	28890	33.28	0	103
NW_022144964.1	8499	1729	0.20	0	40
NW_022144964.1_region	0	0	0.00	0	0
NW_022144965.1	8462	790	0.09	0	8
NW_022144965.1_region	0	0	0.00	0	0
NW_022144966.1	8446	4011	0.47	0	80
NW_022144966.1_region	0	0	0.00	0	0
NW_022144967.1	8427	336	0.04	0	5
NW_022144967.1_region	0	0	0.00	0	0
NW_022144968.1	8371	1087	0.13	0	16
NW_022144968.1_region	0	0	0.00	0	0
NW_022144969.1	8367	1700	0.20	0	26
NW_022144969.1_region	0	0	0.00	0	0
NW_022144970.1	8351	907	0.11	0	8
NW_022144970.1_region	987	78	0.08	0	2
NW_022144971.1	8336	7525	0.90	0	318
NW_022144971.1_region	0	0	0.00	0	0
NW_022144972.1	8298	707	0.09	0	9
NW_022144972.1_region	0	0	0.00	0	0
NW_022144973.1	8278	1066	0.13	0	14
NW_022144973.1_region	0	0	0.00	0	0
NW_022144974.1	161611	6013716	37.21	0	2326
NW_022144974.1_region	0	0	0.00	0	0
NW_022144975.1	8272	2490	0.30	0	23
NW_022144975.1_region	995	70	0.07	0	2
NW_022144976.1	8270	1300	0.16	0	14
NW_022144976.1_region	0	0	0.00	0	0
NW_022144977.1	8265	1455	0.18	0	10
NW_022144977.1_region	0	0	0.00	0	0
NW_022144978.1	8229	1454	0.18	0	14
NW_022144978.1_region	0	0	0.00	0	0
NW_022144979.1	8217	678	0.08	0	8
NW_022144979.1_region	0	0	0.00	0	0
NW_022144980.1	8208	1228	0.15	0	8
NW_022144980.1_region	0	0	0.00	0	0
NW_022144981.1	8193	120922	14.76	0	256
NW_022144981.1_region	0	0	0.00	0	0
NW_022144982.1	8177	56515	6.91	0	767
NW_022144982.1_region	0	0	0.00	0	0
NW_022144983.1	8151	2097	0.26	0	33
NW_022144983.1_region	0	0	0.00	0	0
NW_022144984.1	8029	1390	0.17	0	14
NW_022144984.1_region	0	0	0.00	0	0
NW_022144985.1	24776	10278	0.41	0	21
NW_022144985.1_region	0	0	0.00	0	0
NW_022144986.1	8004	942	0.12	0	10
NW_022144986.1_region	0	0	0.00	0	0
NW_022144987.1	7998	1092	0.14	0	8
NW_022144987.1_region	0	0	0.00	0	0
NW_022144988.1	7984	218	0.03	0	2
NW_022144988.1_region	0	0	0.00	0	0
NW_022144989.1	7982	1425	0.18	0	11
NW_022144989.1_region	0	0	0.00	0	0
NW_022144990.1	7899	2186	0.28	0	22
NW_022144990.1_region	0	0	0.00	0	0
NW_022144991.1	7891	1098	0.14	0	12
NW_022144991.1_region	0	0	0.00	0	0
NW_022144992.1	7805	1093	0.14	0	16
NW_022144992.1_region	0	0	0.00	0	0
NW_022144993.1	7728	1110	0.14	0	10
NW_022144993.1_region	0	0	0.00	0	0
NW_022144994.1	7684	895	0.12	0	7
NW_022144994.1_region	0	0	0.00	0	0
NW_022144995.1	7678	789	0.10	0	8
NW_022144995.1_region	0	0	0.00	0	0
NW_022144996.1	71277	232502	3.26	0	155
NW_022144996.1_region	0	0	0.00	0	0
NW_022144997.1	7613	52279	6.87	0	1059
NW_022144997.1_region	0	0	0.00	0	0
NW_022144998.1	7609	992	0.13	0	12
NW_022144998.1_region	0	0	0.00	0	0
NW_022144999.1	7608	1351	0.18	0	6
NW_022144999.1_region	0	0	0.00	0	0
NW_022145000.1	7606	792	0.10	0	4
NW_022145000.1_region	0	0	0.00	0	0
NW_022145001.1	7549	653	0.09	0	8
NW_022145001.1_region	0	0	0.00	0	0
NW_022145002.1	7546	1748	0.23	0	21
NW_022145002.1_region	471	0	0.00	0	0
NW_022145003.1	7508	1172	0.16	0	6
NW_022145003.1_region	0	0	0.00	0	0
NW_022145004.1	7486	1856	0.25	0	31
NW_022145004.1_region	450	0	0.00	0	0
NW_022145005.1	7447	708	0.10	0	6
NW_022145005.1_region	469	48	0.10	0	4
NW_022145006.1	7443	1547	0.21	0	11
NW_022145006.1_region	0	0	0.00	0	0
NW_022145007.1	83156	355446	4.27	0	1133
NW_022145007.1_region	0	0	0.00	0	0
NW_022145008.1	7433	2200	0.30	0	20
NW_022145008.1_region	0	0	0.00	0	0
NW_022145009.1	7407	1150	0.16	0	9
NW_022145009.1_region	0	0	0.00	0	0
NW_022145010.1	7379	726	0.10	0	7
NW_022145010.1_region	0	0	0.00	0	0
NW_022145011.1	7365	980	0.13	0	10
NW_022145011.1_region	0	0	0.00	0	0
NW_022145012.1	7323	1459	0.20	0	10
NW_022145012.1_region	0	0	0.00	0	0
NW_022145013.1	7318	1117	0.15	0	12
NW_022145013.1_region	1291	0	0.00	0	0
NW_022145014.1	7312	962	0.13	0	10
NW_022145014.1_region	0	0	0.00	0	0
NW_022145015.1	7291	1247	0.17	0	10
NW_022145015.1_region	0	0	0.00	0	0
NW_022145016.1	7291	767	0.11	0	6
NW_022145016.1_region	531	0	0.00	0	0
NW_022145017.1	7290	697	0.10	0	11
NW_022145017.1_region	0	0	0.00	0	0
NW_022145018.1	387561	5854837	15.11	0	2283
NW_022145018.1_region	9817	142985	14.57	0	101
NW_022145019.1	7256	1015	0.14	0	8
NW_022145019.1_region	0	0	0.00	0	0
NW_022145020.1	7195	969	0.13	0	30
NW_022145020.1_region	0	0	0.00	0	0
NW_022145021.1	7190	4328	0.60	0	28
NW_022145021.1_region	0	0	0.00	0	0
NW_022145022.1	7187	2609	0.36	0	60
NW_022145022.1_region	0	0	0.00	0	0
NW_022145023.1	7105	603	0.08	0	7
NW_022145023.1_region	0	0	0.00	0	0
NW_022145024.1	7072	717	0.10	0	6
NW_022145024.1_region	690	0	0.00	0	0
NW_022145025.1	6971	1110	0.16	0	12
NW_022145025.1_region	0	0	0.00	0	0
NW_022145026.1	6961	777	0.11	0	9
NW_022145026.1_region	0	0	0.00	0	0
NW_022145027.1	6912	1591	0.23	0	9
NW_022145027.1_region	0	0	0.00	0	0
NW_022145028.1	6909	1208	0.17	0	10
NW_022145028.1_region	0	0	0.00	0	0
NW_022145029.1	136630	844371	6.18	0	519
NW_022145029.1_region	1579	45	0.03	0	1
NW_022145030.1	6887	478	0.07	0	10
NW_022145030.1_region	0	0	0.00	0	0
NW_022145031.1	6886	1161	0.17	0	8
NW_022145031.1_region	0	0	0.00	0	0
NW_022145032.1	6870	2490	0.36	0	82
NW_022145032.1_region	0	0	0.00	0	0
NW_022145033.1	6839	4181	0.61	0	143
NW_022145033.1_region	1329	0	0.00	0	0
NW_022145034.1	6827	1606	0.24	0	12
NW_022145034.1_region	0	0	0.00	0	0
NW_022145035.1	6767	1441	0.21	0	10
NW_022145035.1_region	537	18	0.03	0	2
NW_022145036.1	6748	1035	0.15	0	8
NW_022145036.1_region	0	0	0.00	0	0
NW_022145037.1	6730	3054	0.45	0	54
NW_022145037.1_region	0	0	0.00	0	0
NW_022145038.1	6694	467	0.07	0	6
NW_022145038.1_region	278	0	0.00	0	0
NW_022145039.1	6606	812	0.12	0	14
NW_022145039.1_region	0	0	0.00	0	0
NW_022145040.1	120375	1034955	8.60	0	11281
NW_022145040.1_region	0	0	0.00	0	0
NW_022145041.1	6594	1892	0.29	0	20
NW_022145041.1_region	1332	0	0.00	0	0
NW_022145042.1	6590	822	0.12	0	8
NW_022145042.1_region	0	0	0.00	0	0
NW_022145043.1	6510	1060	0.16	0	10
NW_022145043.1_region	0	0	0.00	0	0
NW_022145044.1	6461	1045	0.16	0	16
NW_022145044.1_region	0	0	0.00	0	0
NW_022145045.1	6450	780	0.12	0	13
NW_022145045.1_region	0	0	0.00	0	0
NW_022145046.1	6448	1268	0.20	0	14
NW_022145046.1_region	0	0	0.00	0	0
NW_022145047.1	6422	1797	0.28	0	9
NW_022145047.1_region	0	0	0.00	0	0
NW_022145048.1	6417	552	0.09	0	8
NW_022145048.1_region	0	0	0.00	0	0
NW_022145049.1	6412	1601	0.25	0	32
NW_022145049.1_region	0	0	0.00	0	0
NW_022145050.1	6336	885	0.14	0	8
NW_022145050.1_region	1079	82	0.08	0	4
NW_022145051.1	69137	89737	1.30	0	264
NW_022145051.1_region	0	0	0.00	0	0
NW_022145052.1	6319	1398	0.22	0	10
NW_022145052.1_region	0	0	0.00	0	0
NW_022145053.1	6318	1387	0.22	0	14
NW_022145053.1_region	0	0	0.00	0	0
NW_022145054.1	6313	1185	0.19	0	34
NW_022145054.1_region	0	0	0.00	0	0
NW_022145055.1	6268	1172	0.19	0	44
NW_022145055.1_region	0	0	0.00	0	0
NW_022145056.1	6197	349	0.06	0	12
NW_022145056.1_region	0	0	0.00	0	0
NW_022145057.1	6184	1004	0.16	0	14
NW_022145057.1_region	1390	0	0.00	0	0
NW_022145058.1	6166	1398	0.23	0	14
NW_022145058.1_region	0	0	0.00	0	0
NW_022145059.1	6156	2604	0.42	0	40
NW_022145059.1_region	0	0	0.00	0	0
NW_022145060.1	6138	3347	0.55	0	130
NW_022145060.1_region	0	0	0.00	0	0
NW_022145061.1	6137	3020	0.49	0	112
NW_022145061.1_region	0	0	0.00	0	0
NW_022145062.1	47922	8448	0.18	0	19
NW_022145062.1_region	0	0	0.00	0	0
NW_022145063.1	6118	724	0.12	0	8
NW_022145063.1_region	0	0	0.00	0	0
NW_022145064.1	6116	2491	0.41	0	18
NW_022145064.1_region	663	36	0.05	0	4
NW_022145065.1	6099	1143	0.19	0	13
NW_022145065.1_region	0	0	0.00	0	0
NW_022145066.1	6082	1609	0.26	0	12
NW_022145066.1_region	0	0	0.00	0	0
NW_022145067.1	6078	1000	0.16	0	10
NW_022145067.1_region	349	0	0.00	0	0
NW_022145068.1	6067	1815	0.30	0	50
NW_022145068.1_region	0	0	0.00	0	0
NW_022145069.1	6042	212	0.04	0	2
NW_022145069.1_region	0	0	0.00	0	0
NW_022145070.1	5912	1936	0.33	0	58
NW_022145070.1_region	0	0	0.00	0	0
NW_022145071.1	5907	688	0.12	0	10
NW_022145071.1_region	707	0	0.00	0	0
NW_022145072.1	5903	615	0.10	0	14
NW_022145072.1_region	0	0	0.00	0	0
NW_022145073.1	125721	639906	5.09	0	947
NW_022145073.1_region	1128	1648	1.46	0	11
NW_022145074.1	5886	782	0.13	0	10
NW_022145074.1_region	0	0	0.00	0	0
NW_022145075.1	5854	255	0.04	0	4
NW_022145075.1_region	0	0	0.00	0	0
NW_022145076.1	5852	879	0.15	0	11
NW_022145076.1_region	0	0	0.00	0	0
NW_022145077.1	5819	1360	0.23	0	12
NW_022145077.1_region	0	0	0.00	0	0
NW_022145078.1	5814	873	0.15	0	12
NW_022145078.1_region	0	0	0.00	0	0
NW_022145079.1	5721	897	0.16	0	18
NW_022145079.1_region	0	0	0.00	0	0
NW_022145080.1	5718	1032	0.18	0	10
NW_022145080.1_region	0	0	0.00	0	0
NW_022145081.1	5711	98	0.02	0	2
NW_022145081.1_region	573	0	0.00	0	0
NW_022145082.1	5699	1618	0.28	0	16
NW_022145082.1_region	0	0	0.00	0	0
NW_022145083.1	5623	3341	0.59	0	17
NW_022145083.1_region	0	0	0.00	0	0
NW_022145084.1	104907	134361	1.28	0	102
NW_022145084.1_region	0	0	0.00	0	0
NW_022145085.1	5609	1583	0.28	0	10
NW_022145085.1_region	0	0	0.00	0	0
NW_022145086.1	5578	991	0.18	0	12
NW_022145086.1_region	635	0	0.00	0	0
NW_022145087.1	5530	1188	0.21	0	8
NW_022145087.1_region	0	0	0.00	0	0
NW_022145088.1	5487	782623	142.63	0	19321
NW_022145088.1_region	0	0	0.00	0	0
NW_022145089.1	5471	1489	0.27	0	14
NW_022145089.1_region	0	0	0.00	0	0
NW_022145090.1	5461	994	0.18	0	9
NW_022145090.1_region	0	0	0.00	0	0
NW_022145091.1	5422	604	0.11	0	10
NW_022145091.1_region	0	0	0.00	0	0
NW_022145092.1	5321	1260	0.24	0	14
NW_022145092.1_region	0	0	0.00	0	0
NW_022145093.1	5319	462	0.09	0	6
NW_022145093.1_region	0	0	0.00	0	0
NW_022145094.1	5316	928	0.17	0	12
NW_022145094.1_region	0	0	0.00	0	0
NW_022145095.1	119971	1089655	9.08	0	3805
NW_022145095.1_region	0	0	0.00	0	0
NW_022145096.1	5304	125	0.02	0	4
NW_022145096.1_region	465	0	0.00	0	0
NW_022145097.1	3350	5413	1.62	0	42
NW_022145097.1_region	0	0	0.00	0	0
NW_022145098.1	5251	493205	93.93	0	786
NW_022145098.1_region	0	0	0.00	0	0
NW_022145099.1	5225	1893	0.36	0	35
NW_022145099.1_region	0	0	0.00	0	0
NW_022145100.1	5219	933	0.18	0	22
NW_022145100.1_region	0	0	0.00	0	0
NW_022145101.1	5188	982	0.19	0	8
NW_022145101.1_region	0	0	0.00	0	0
NW_022145102.1	5187	262794	50.66	0	398
NW_022145102.1_region	0	0	0.00	0	0
NW_022145103.1	5181	804	0.16	0	28
NW_022145103.1_region	0	0	0.00	0	0
NW_022145104.1	5153	774	0.15	0	10
NW_022145104.1_region	0	0	0.00	0	0
NW_022145105.1	5115	2245	0.44	0	16
NW_022145105.1_region	0	0	0.00	0	0
NW_022145106.1	20950	2643	0.13	0	13
NW_022145106.1_region	0	0	0.00	0	0
NW_022145107.1	5060	659	0.13	0	17
NW_022145107.1_region	0	0	0.00	0	0
NW_022145108.1	5029	2147	0.43	0	19
NW_022145108.1_region	0	0	0.00	0	0
NW_022145109.1	5000	214	0.04	0	4
NW_022145109.1_region	0	0	0.00	0	0
NW_022145110.1	4989	2085	0.42	0	36
NW_022145110.1_region	0	0	0.00	0	0
NW_022145111.1	4972	990	0.20	0	10
NW_022145111.1_region	0	0	0.00	0	0
NW_022145112.1	4951	700	0.14	0	12
NW_022145112.1_region	0	0	0.00	0	0
NW_022145113.1	4927	380	0.08	0	6
NW_022145113.1_region	2625	190	0.07	0	6
NW_022145114.1	4917	559	0.11	0	8
NW_022145114.1_region	0	0	0.00	0	0
NW_022145115.1	4906	1639	0.33	0	15
NW_022145115.1_region	0	0	0.00	0	0
NW_022145116.1	4896	928	0.19	0	8
NW_022145116.1_region	0	0	0.00	0	0
NW_022145117.1	47376	80940	1.71	0	609
NW_022145117.1_region	0	0	0.00	0	0
NW_022145118.1	4884	1736	0.36	0	30
NW_022145118.1_region	0	0	0.00	0	0
NW_022145119.1	4868	358	0.07	0	8
NW_022145119.1_region	0	0	0.00	0	0
NW_022145120.1	4846	2328	0.48	0	27
NW_022145120.1_region	0	0	0.00	0	0
NW_022145121.1	4840	1459	0.30	0	15
NW_022145121.1_region	0	0	0.00	0	0
NW_022145122.1	4808	1015	0.21	0	13
NW_022145122.1_region	0	0	0.00	0	0
NW_022145123.1	4782	517	0.11	0	6
NW_022145123.1_region	0	0	0.00	0	0
NW_022145124.1	4764	1239	0.26	0	46
NW_022145124.1_region	0	0	0.00	0	0
NW_022145125.1	4758	918	0.19	0	12
NW_022145125.1_region	0	0	0.00	0	0
NW_022145126.1	4727	849	0.18	0	18
NW_022145126.1_region	0	0	0.00	0	0
NW_022145127.1	4706	174	0.04	0	4
NW_022145127.1_region	0	0	0.00	0	0
NW_022145128.1	91882	29799	0.32	0	202
NW_022145128.1_region	0	0	0.00	0	0
NW_022145129.1	2752	4419	1.61	0	78
NW_022145129.1_region	0	0	0.00	0	0
NW_022145130.1	4677	275	0.06	0	6
NW_022145130.1_region	0	0	0.00	0	0
NW_022145131.1	4671	1371	0.29	0	12
NW_022145131.1_region	0	0	0.00	0	0
NW_022145132.1	4669	831	0.18	0	8
NW_022145132.1_region	0	0	0.00	0	0
NW_022145133.1	4668	934	0.20	0	10
NW_022145133.1_region	0	0	0.00	0	0
NW_022145134.1	4653	685	0.15	0	8
NW_022145134.1_region	717	0	0.00	0	0
NW_022145135.1	4651	1753	0.38	0	21
NW_022145135.1_region	0	0	0.00	0	0
NW_022145136.1	4645	399	0.09	0	4
NW_022145136.1_region	0	0	0.00	0	0
NW_022145137.1	4640	1366	0.29	0	8
NW_022145137.1_region	0	0	0.00	0	0
NW_022145138.1	4620	536	0.12	0	6
NW_022145138.1_region	0	0	0.00	0	0
NW_022145139.1	94356	1004413	10.64	0	622
NW_022145139.1_region	882	25523	28.94	0	81
NW_022145140.1	4613	381	0.08	0	4
NW_022145140.1_region	0	0	0.00	0	0
NW_022145141.1	4575	644	0.14	0	8
NW_022145141.1_region	0	0	0.00	0	0
NW_022145142.1	4559	607	0.13	0	6
NW_022145142.1_region	0	0	0.00	0	0
NW_022145143.1	4528	1868	0.41	0	27
NW_022145143.1_region	0	0	0.00	0	0
NW_022145144.1	4497	1206	0.27	0	17
NW_022145144.1_region	0	0	0.00	0	0
NW_022145145.1	4490	316	0.07	0	6
NW_022145145.1_region	0	0	0.00	0	0
NW_022145146.1	4434	914	0.21	0	16
NW_022145146.1_region	0	0	0.00	0	0
NW_022145147.1	4423	190	0.04	0	6
NW_022145147.1_region	0	0	0.00	0	0
NW_022145148.1	4412	481	0.11	0	8
NW_022145148.1_region	0	0	0.00	0	0
NW_022145149.1	4409	28321	6.42	0	478
NW_022145149.1_region	534	2558	4.79	0	20
NW_022145150.1	68008	143915	2.12	0	203
NW_022145150.1_region	0	0	0.00	0	0
NW_022145151.1	4402	1050	0.24	0	12
NW_022145151.1_region	0	0	0.00	0	0
NW_022145152.1	4394	20271	4.61	0	34
NW_022145152.1_region	532	8033	15.10	0	34
NW_022145153.1	4383	13040	2.98	0	638
NW_022145153.1_region	311	0	0.00	0	0
NW_022145154.1	4376	389	0.09	0	8
NW_022145154.1_region	0	0	0.00	0	0
NW_022145155.1	4348	791	0.18	0	10
NW_022145155.1_region	0	0	0.00	0	0
NW_022145156.1	4334	1500	0.35	0	29
NW_022145156.1_region	0	0	0.00	0	0
NW_022145157.1	4293	361	0.08	0	10
NW_022145157.1_region	0	0	0.00	0	0
NW_022145158.1	4264	605	0.14	0	6
NW_022145158.1_region	0	0	0.00	0	0
NW_022145159.1	4175	12537	3.00	0	18
NW_022145159.1_region	0	0	0.00	0	0
NW_022145160.1	4161	910	0.22	0	8
NW_022145160.1_region	0	0	0.00	0	0
NW_022145161.1	115902	376347	3.25	0	918
NW_022145161.1_region	0	0	0.00	0	0
NW_022145162.1	4158	448	0.11	0	6
NW_022145162.1_region	0	0	0.00	0	0
NW_022145163.1	4151	1230	0.30	0	24
NW_022145163.1_region	0	0	0.00	0	0
NW_022145164.1	4108	1174	0.29	0	10
NW_022145164.1_region	0	0	0.00	0	0
NW_022145165.1	4090	365	0.09	0	4
NW_022145165.1_region	0	0	0.00	0	0
NW_022145166.1	4087	574	0.14	0	12
NW_022145166.1_region	0	0	0.00	0	0
NW_022145167.1	4077	301	0.07	0	6
NW_022145167.1_region	0	0	0.00	0	0
NW_022145168.1	4077	541	0.13	0	6
NW_022145168.1_region	888	0	0.00	0	0
NW_022145169.1	4076	282	0.07	0	3
NW_022145169.1_region	0	0	0.00	0	0
NW_022145170.1	4072	8397	2.06	0	13
NW_022145170.1_region	0	0	0.00	0	0
NW_022145171.1	4046	994	0.25	0	18
NW_022145171.1_region	0	0	0.00	0	0
NW_022145172.1	67843	210291	3.10	0	642
NW_022145172.1_region	0	0	0.00	0	0
NW_022145173.1	4043	884	0.22	0	14
NW_022145173.1_region	0	0	0.00	0	0
NW_022145174.1	3970	556	0.14	0	8
NW_022145174.1_region	362	1	0.00	0	1
NW_022145175.1	3944	101	0.03	0	4
NW_022145175.1_region	0	0	0.00	0	0
NW_022145176.1	3937	468	0.12	0	12
NW_022145176.1_region	0	0	0.00	0	0
NW_022145177.1	3926	418	0.11	0	8
NW_022145177.1_region	0	0	0.00	0	0
NW_022145178.1	3913	1213	0.31	0	14
NW_022145178.1_region	0	0	0.00	0	0
NW_022145179.1	3904	427	0.11	0	7
NW_022145179.1_region	0	0	0.00	0	0
NW_022145180.1	3861	1781	0.46	0	38
NW_022145180.1_region	0	0	0.00	0	0
NW_022145181.1	3845	835	0.22	0	19
NW_022145181.1_region	0	0	0.00	0	0
NW_022145182.1	3825	743	0.19	0	14
NW_022145182.1_region	0	0	0.00	0	0
NW_022145183.1	35970	63016	1.75	0	154
NW_022145183.1_region	0	0	0.00	0	0
NW_022145184.1	3822	1221	0.32	0	12
NW_022145184.1_region	0	0	0.00	0	0
NW_022145185.1	3818	376	0.10	0	4
NW_022145185.1_region	0	0	0.00	0	0
NW_022145186.1	3774	729	0.19	0	6
NW_022145186.1_region	0	0	0.00	0	0
NW_022145187.1	3757	553	0.15	0	6
NW_022145187.1_region	0	0	0.00	0	0
NW_022145188.1	3756	959	0.26	0	10
NW_022145188.1_region	0	0	0.00	0	0
NW_022145189.1	1796	174	0.10	0	2
NW_022145189.1_region	0	0	0.00	0	0
NW_022145190.1	3752	442	0.12	0	5
NW_022145190.1_region	0	0	0.00	0	0
NW_022145191.1	3747	181	0.05	0	4
NW_022145191.1_region	0	0	0.00	0	0
NW_022145192.1	3728	355	0.10	0	9
NW_022145192.1_region	0	0	0.00	0	0
NW_022145193.1	3705	406	0.11	0	8
NW_022145193.1_region	0	0	0.00	0	0
NW_022145194.1	44435	11736	0.26	0	32
NW_022145194.1_region	0	0	0.00	0	0
NW_022145195.1	3675	739	0.20	0	12
NW_022145195.1_region	0	0	0.00	0	0
NW_022145196.1	3656	2445	0.67	0	54
NW_022145196.1_region	0	0	0.00	0	0
NW_022145197.1	3591	147	0.04	0	5
NW_022145197.1_region	0	0	0.00	0	0
NW_022145198.1	3572	154	0.04	0	4
NW_022145198.1_region	0	0	0.00	0	0
NW_022145199.1	3560	15725	4.42	0	37
NW_022145199.1_region	0	0	0.00	0	0
NW_022145200.1	3523	387	0.11	0	6
NW_022145200.1_region	0	0	0.00	0	0
NW_022145201.1	3516	481	0.14	0	14
NW_022145201.1_region	0	0	0.00	0	0
NW_022145202.1	3511	5978	1.70	0	43
NW_022145202.1_region	0	0	0.00	0	0
NW_022145203.1	3498	894	0.26	0	10
NW_022145203.1_region	0	0	0.00	0	0
NW_022145204.1	3481	834	0.24	0	11
NW_022145204.1_region	881	182	0.21	0	4
NW_022145205.1	79806	975867	12.23	0	1069
NW_022145205.1_region	0	0	0.00	0	0
NW_022145206.1	3465	466	0.13	0	14
NW_022145206.1_region	0	0	0.00	0	0
NW_022145207.1	3398	66967	19.71	0	72
NW_022145207.1_region	0	0	0.00	0	0
NW_022145208.1	3377	478	0.14	0	6
NW_022145208.1_region	0	0	0.00	0	0
NW_022145209.1	3370	54865	16.28	0	64
NW_022145209.1_region	0	0	0.00	0	0
NW_022145210.1	3355	1027	0.31	0	16
NW_022145210.1_region	0	0	0.00	0	0
NW_022145211.1	3352	393	0.12	0	8
NW_022145211.1_region	259	0	0.00	0	0
NW_022145212.1	3330	21480	6.45	0	30
NW_022145212.1_region	0	0	0.00	0	0
NW_022145213.1	3323	3553	1.07	0	13
NW_022145213.1_region	0	0	0.00	0	0
NW_022145214.1	3314	15648	4.72	0	28
NW_022145214.1_region	0	0	0.00	0	0
NW_022145215.1	3309	370	0.11	0	6
NW_022145215.1_region	0	0	0.00	0	0
NW_022145216.1	46122	517510	11.22	0	474
NW_022145216.1_region	0	0	0.00	0	0
NW_022145217.1	3298	1281	0.39	0	17
NW_022145217.1_region	0	0	0.00	0	0
NW_022145218.1	3258	881	0.27	0	8
NW_022145218.1_region	0	0	0.00	0	0
NW_022145219.1	3240	1294	0.40	0	10
NW_022145219.1_region	0	0	0.00	0	0
NW_022145220.1	3239	7298	2.25	0	21
NW_022145220.1_region	0	0	0.00	0	0
NW_022145221.1	3235	16696	5.16	0	17
NW_022145221.1_region	0	0	0.00	0	0
NW_022145222.1	3233	17042	5.27	0	20
NW_022145222.1_region	0	0	0.00	0	0
NW_022145223.1	3216	533	0.17	0	8
NW_022145223.1_region	0	0	0.00	0	0
NW_022145224.1	3205	33873	10.57	0	29
NW_022145224.1_region	0	0	0.00	0	0
NW_022145225.1	3205	344	0.11	0	8
NW_022145225.1_region	0	0	0.00	0	0
NW_022145226.1	3194	434	0.14	0	10
NW_022145226.1_region	0	0	0.00	0	0
NW_022145227.1	47480	310534	6.54	0	1149
NW_022145227.1_region	0	0	0.00	0	0
NW_022145228.1	3187	75203	23.60	0	156
NW_022145228.1_region	603	28710	47.61	0	156
NW_022145229.1	3176	1624	0.51	0	25
NW_022145229.1_region	0	0	0.00	0	0
NW_022145230.1	3167	15933	5.03	0	18
NW_022145230.1_region	0	0	0.00	0	0
NW_022145231.1	3161	379	0.12	0	8
NW_022145231.1_region	0	0	0.00	0	0
NW_022145232.1	3157	40	0.01	0	2
NW_022145232.1_region	0	0	0.00	0	0
NW_022145233.1	3154	31191	9.89	0	147
NW_022145233.1_region	0	0	0.00	0	0
NW_022145234.1	3141	394	0.13	0	6
NW_022145234.1_region	0	0	0.00	0	0
NW_022145235.1	3124	24122	7.72	0	61
NW_022145235.1_region	0	0	0.00	0	0
NW_022145236.1	3116	627	0.20	0	14
NW_022145236.1_region	0	0	0.00	0	0
NW_022145237.1	3114	20112	6.46	0	76
NW_022145237.1_region	0	0	0.00	0	0
NW_022145238.1	45709	282900	6.19	0	360
NW_022145238.1_region	0	0	0.00	0	0
NW_022145239.1	3091	486	0.16	0	10
NW_022145239.1_region	0	0	0.00	0	0
NW_022145240.1	3085	496	0.16	0	8
NW_022145240.1_region	0	0	0.00	0	0
NW_022145241.1	3074	30875	10.04	0	148
NW_022145241.1_region	0	0	0.00	0	0
NW_022145242.1	3062	394	0.13	0	7
NW_022145242.1_region	0	0	0.00	0	0
NW_022145243.1	3046	356	0.12	0	6
NW_022145243.1_region	0	0	0.00	0	0
NW_022145244.1	3045	1330	0.44	0	17
NW_022145244.1_region	0	0	0.00	0	0
NW_022145245.1	3020	697	0.23	0	16
NW_022145245.1_region	0	0	0.00	0	0
NW_022145246.1	3009	768	0.26	0	16
NW_022145246.1_region	0	0	0.00	0	0
NW_022145247.1	2958	20388	6.89	0	33
NW_022145247.1_region	0	0	0.00	0	0
NW_022145248.1	2949	118	0.04	0	4
NW_022145248.1_region	0	0	0.00	0	0
NW_022145249.1	29338	13264	0.45	0	16
NW_022145249.1_region	0	0	0.00	0	0
NW_022145250.1	2946	414	0.14	0	10
NW_022145250.1_region	0	0	0.00	0	0
NW_022145251.1	2939	29660	10.09	0	64
NW_022145251.1_region	0	0	0.00	0	0
NW_022145252.1	2904	571	0.20	0	10
NW_022145252.1_region	0	0	0.00	0	0
NW_022145253.1	2889	20339	7.04	0	29
NW_022145253.1_region	0	0	0.00	0	0
NW_022145254.1	2888	253	0.09	0	4
NW_022145254.1_region	0	0	0.00	0	0
NW_022145255.1	2888	31288	10.83	0	77
NW_022145255.1_region	0	0	0.00	0	0
NW_022145256.1	2876	60810	21.14	0	81
NW_022145256.1_region	0	0	0.00	0	0
NW_022145257.1	2866	6912	2.41	0	327
NW_022145257.1_region	0	0	0.00	0	0
NW_022145258.1	2861	764	0.27	0	14
NW_022145258.1_region	0	0	0.00	0	0
NW_022145259.1	1344	5644	4.20	0	46
NW_022145259.1_region	0	0	0.00	0	0
NW_022145260.1	47144	520629	11.04	0	1566
NW_022145260.1_region	0	0	0.00	0	0
NW_022145261.1	2843	323	0.11	0	7
NW_022145261.1_region	0	0	0.00	0	0
NW_022145262.1	2822	273	0.10	0	8
NW_022145262.1_region	0	0	0.00	0	0
NW_022145263.1	2787	19	0.01	0	1
NW_022145263.1_region	0	0	0.00	0	0
NW_022145264.1	2772	100	0.04	0	5
NW_022145264.1_region	0	0	0.00	0	0
NW_022145265.1	2767	230	0.08	0	6
NW_022145265.1_region	0	0	0.00	0	0
NW_022145266.1	2759	177	0.06	0	6
NW_022145266.1_region	0	0	0.00	0	0
NW_022145267.1	2749	31322	11.39	0	40
NW_022145267.1_region	0	0	0.00	0	0
NW_022145268.1	2741	376	0.14	0	6
NW_022145268.1_region	0	0	0.00	0	0
NW_022145269.1	2728	547	0.20	0	8
NW_022145269.1_region	0	0	0.00	0	0
NW_022145270.1	2717	662	0.24	0	11
NW_022145270.1_region	0	0	0.00	0	0
NW_022145271.1	63049	856156	13.58	0	7089
NW_022145271.1_region	0	0	0.00	0	0
NW_022145272.1	2707	303	0.11	0	8
NW_022145272.1_region	0	0	0.00	0	0
NW_022145273.1	2703	796	0.29	0	12
NW_022145273.1_region	0	0	0.00	0	0
NW_022145274.1	868	81	0.09	0	1
NW_022145274.1_region	0	0	0.00	0	0
NW_022145275.1	2658	604	0.23	0	8
NW_022145275.1_region	0	0	0.00	0	0
NW_022145276.1	2639	247	0.09	0	6
NW_022145276.1_region	0	0	0.00	0	0
NW_022145277.1	2636	439	0.17	0	6
NW_022145277.1_region	0	0	0.00	0	0
NW_022145278.1	2628	240	0.09	0	4
NW_022145278.1_region	0	0	0.00	0	0
NW_022145279.1	2612	155	0.06	0	3
NW_022145279.1_region	0	0	0.00	0	0
NW_022145280.1	2578	9168	3.56	0	44
NW_022145280.1_region	0	0	0.00	0	0
NW_022145281.1	2532	325	0.13	0	5
NW_022145281.1_region	0	0	0.00	0	0
NW_022145282.1	32392	19132	0.59	0	43
NW_022145282.1_region	0	0	0.00	0	0
NW_022145283.1	2515	12654	5.03	0	132
NW_022145283.1_region	0	0	0.00	0	0
NW_022145284.1	2502	554	0.22	0	9
NW_022145284.1_region	0	0	0.00	0	0
NW_022145285.1	2496	1618	0.65	0	7
NW_022145285.1_region	0	0	0.00	0	0
NW_022145286.1	2435	56779	23.32	0	246
NW_022145286.1_region	0	0	0.00	0	0
NW_022145287.1	2428	76	0.03	0	4
NW_022145287.1_region	0	0	0.00	0	0
NW_022145288.1	2392	2709	1.13	0	16
NW_022145288.1_region	0	0	0.00	0	0
NW_022145289.1	2386	1952	0.82	0	7
NW_022145289.1_region	0	0	0.00	0	0
NW_022145290.1	2275	975	0.43	0	34
NW_022145290.1_region	0	0	0.00	0	0
NW_022145291.1	2256	520	0.23	0	11
NW_022145291.1_region	0	0	0.00	0	0
NW_022145292.1	2232	81	0.04	0	2
NW_022145292.1_region	0	0	0.00	0	0
NW_022145293.1	59163	30784	0.52	0	53
NW_022145293.1_region	0	0	0.00	0	0
NW_022145294.1	2229	138	0.06	0	5
NW_022145294.1_region	0	0	0.00	0	0
NW_022145295.1	2226	383	0.17	0	10
NW_022145295.1_region	0	0	0.00	0	0
NW_022145296.1	2220	214	0.10	0	4
NW_022145296.1_region	0	0	0.00	0	0
NW_022145297.1	2217	33693	15.20	0	162
NW_022145297.1_region	0	0	0.00	0	0
NW_022145298.1	2213	244	0.11	0	4
NW_022145298.1_region	0	0	0.00	0	0
NW_022145299.1	2192	366	0.17	0	8
NW_022145299.1_region	0	0	0.00	0	0
NW_022145300.1	2175	353	0.16	0	13
NW_022145300.1_region	0	0	0.00	0	0
NW_022145301.1	2168	10743	4.96	0	51
NW_022145301.1_region	0	0	0.00	0	0
NW_022145302.1	2157	102818	47.67	0	104
NW_022145302.1_region	0	0	0.00	0	0
NW_022145303.1	2145	255	0.12	0	5
NW_022145303.1_region	0	0	0.00	0	0
NW_022145304.1	32983	156098	4.73	0	178
NW_022145304.1_region	0	0	0.00	0	0
NW_022145305.1	2135	57	0.03	0	3
NW_022145305.1_region	0	0	0.00	0	0
NW_022145306.1	2133	716	0.34	0	16
NW_022145306.1_region	0	0	0.00	0	0
NW_022145307.1	2129	38	0.02	0	2
NW_022145307.1_region	0	0	0.00	0	0
NW_022145308.1	2118	639	0.30	0	16
NW_022145308.1_region	306	0	0.00	0	0
NW_022145309.1	2105	381	0.18	0	7
NW_022145309.1_region	0	0	0.00	0	0
NW_022145310.1	2099	225	0.11	0	6
NW_022145310.1_region	0	0	0.00	0	0
NW_022145311.1	2070	2618	1.26	0	46
NW_022145311.1_region	0	0	0.00	0	0
NW_022145312.1	2062	18644	9.04	0	56
NW_022145312.1_region	0	0	0.00	0	0
NW_022145313.1	2059	76	0.04	0	4
NW_022145313.1_region	0	0	0.00	0	0
NW_022145314.1	2052	529	0.26	0	6
NW_022145314.1_region	0	0	0.00	0	0
NW_022145315.1	56963	193845	3.40	0	248
NW_022145315.1_region	0	0	0.00	0	0
NW_022145316.1	2045	470	0.23	0	12
NW_022145316.1_region	0	0	0.00	0	0
NW_022145317.1	2026	463	0.23	0	6
NW_022145317.1_region	0	0	0.00	0	0
NW_022145318.1	1994	7981	4.00	0	25
NW_022145318.1_region	0	0	0.00	0	0
NW_022145319.1	1994	2202	1.10	0	12
NW_022145319.1_region	0	0	0.00	0	0
NW_022145320.1	1992	550	0.28	0	10
NW_022145320.1_region	0	0	0.00	0	0
NW_022145321.1	1988	253	0.13	0	4
NW_022145321.1_region	0	0	0.00	0	0
NW_022145322.1	1981	226	0.11	0	4
NW_022145322.1_region	0	0	0.00	0	0
NW_022145323.1	1965	9962	5.07	0	21
NW_022145323.1_region	0	0	0.00	0	0
NW_022145324.1	1960	3041	1.55	0	15
NW_022145324.1_region	329	1749	5.32	0	15
NW_022145325.1	1946	175	0.09	0	4
NW_022145325.1_region	0	0	0.00	0	0
NW_022145326.1	57626	216998	3.77	0	425
NW_022145326.1_region	0	0	0.00	0	0
NW_022145327.1	1943	1204	0.62	0	7
NW_022145327.1_region	0	0	0.00	0	0
NW_022145328.1	1939	285	0.15	0	6
NW_022145328.1_region	0	0	0.00	0	0
NW_022145329.1	1929	7547	3.91	0	37
NW_022145329.1_region	0	0	0.00	0	0
NW_022145330.1	1926	342	0.18	0	8
NW_022145330.1_region	0	0	0.00	0	0
NW_022145331.1	1861	17006	9.14	0	38
NW_022145331.1_region	0	0	0.00	0	0
NW_022145332.1	1839	39485	21.47	0	103
NW_022145332.1_region	0	0	0.00	0	0
NW_022145333.1	1835	1143	0.62	0	21
NW_022145333.1_region	0	0	0.00	0	0
NW_022145334.1	1833	80	0.04	0	4
NW_022145334.1_region	1167	0	0.00	0	0
NW_022145335.1	1806	26309	14.57	0	92
NW_022145335.1_region	0	0	0.00	0	0
NW_022145336.1	1754	7791	4.44	0	25
NW_022145336.1_region	0	0	0.00	0	0
NW_022145337.1	54544	268974	4.93	0	151
NW_022145337.1_region	0	0	0.00	0	0
NW_022145338.1	1727	356	0.21	0	8
NW_022145338.1_region	0	0	0.00	0	0
NW_022145339.1	1708	103	0.06	0	2
NW_022145339.1_region	0	0	0.00	0	0
NW_022145340.1	1659	368	0.22	0	8
NW_022145340.1_region	0	0	0.00	0	0
NW_022145341.1	1599	307	0.19	0	10
NW_022145341.1_region	0	0	0.00	0	0
NW_022145342.1	1579	385	0.24	0	6
NW_022145342.1_region	0	0	0.00	0	0
NW_022145343.1	1570	152	0.10	0	4
NW_022145343.1_region	0	0	0.00	0	0
NW_022145344.1	1553	228	0.15	0	12
NW_022145344.1_region	0	0	0.00	0	0
NW_022145345.1	1540	5348	3.47	0	27
NW_022145345.1_region	0	0	0.00	0	0
NW_022145346.1	1528	825	0.54	0	11
NW_022145346.1_region	0	0	0.00	0	0
NW_022145347.1	1523	5861	3.85	0	31
NW_022145347.1_region	0	0	0.00	0	0
NW_022145348.1	76140	193407	2.54	0	264
NW_022145348.1_region	0	0	0.00	0	0
NW_022145349.1	1511	7654	5.07	0	21
NW_022145349.1_region	0	0	0.00	0	0
NW_022145350.1	1492	718	0.48	0	8
NW_022145350.1_region	0	0	0.00	0	0
NW_022145351.1	1491	217	0.15	0	4
NW_022145351.1_region	0	0	0.00	0	0
NW_022145352.1	1490	213	0.14	0	7
NW_022145352.1_region	0	0	0.00	0	0
NW_022145353.1	1486	82	0.06	0	2
NW_022145353.1_region	1050	0	0.00	0	0
NW_022145354.1	1479	268	0.18	0	12
NW_022145354.1_region	0	0	0.00	0	0
NW_022145355.1	1460	599	0.41	0	8
NW_022145355.1_region	0	0	0.00	0	0
NW_022145356.1	1428	237	0.17	0	6
NW_022145356.1_region	0	0	0.00	0	0
NW_022145358.1	1384	59	0.04	0	2
NW_022145358.1_region	0	0	0.00	0	0
NW_022145359.1	60007	30932	0.52	0	46
NW_022145359.1_region	0	0	0.00	0	0
NW_022145360.1	1362	14312	10.51	0	33
NW_022145360.1_region	0	0	0.00	0	0
NW_022145361.1	1362	456	0.33	0	6
NW_022145361.1_region	0	0	0.00	0	0
NW_022145362.1	1300	38	0.03	0	2
NW_022145362.1_region	0	0	0.00	0	0
NW_022145363.1	1277	6583	5.16	0	20
NW_022145363.1_region	0	0	0.00	0	0
NW_022145364.1	1265	40	0.03	0	2
NW_022145364.1_region	0	0	0.00	0	0
NW_022145365.1	1255	2306	1.84	0	7
NW_022145365.1_region	0	0	0.00	0	0
NW_022145366.1	1254	3438	2.74	0	8
NW_022145366.1_region	0	0	0.00	0	0
NW_022145367.1	1154	314	0.27	0	5
NW_022145367.1_region	0	0	0.00	0	0
NW_022145368.1	1142	370	0.32	0	10
NW_022145368.1_region	0	0	0.00	0	0
NW_022145369.1	1099	8718	7.93	0	26
NW_022145369.1_region	0	0	0.00	0	0
NW_022145370.1	74314	9063	0.12	0	7
NW_022145370.1_region	0	0	0.00	0	0
NW_022145371.1	1072	3485	3.25	0	12
NW_022145371.1_region	0	0	0.00	0	0
NW_022145372.1	1035	6133	5.93	0	27
NW_022145372.1_region	0	0	0.00	0	0
NW_022145373.1	1007	4260	4.23	0	20
NW_022145373.1_region	0	0	0.00	0	0
NW_022145374.1	1000	2367	2.37	0	12
NW_022145374.1_region	0	0	0.00	0	0
NW_022145375.1	10000	52140	5.21	0	57
NW_022145375.1_region	0	0	0.00	0	0
NW_022145376.1	25000	792189	31.69	0	175
NW_022145376.1_region	1591	62571	39.33	0	161
NW_022145377.1	50000	2154242	43.08	0	510
NW_022145377.1_region	612	6519	10.65	1	22
NW_022145378.1	26863	6203	0.23	0	36
NW_022145378.1_region	0	0	0.00	0	0
NW_022145379.1	23852	3278	0.14	0	50
NW_022145379.1_region	1275	0	0.00	0	0
NW_022145380.1	23611	4072	0.17	0	12
NW_022145380.1_region	1430	45	0.03	0	3
NW_022145381.1	55218	96539	1.75	0	53
NW_022145381.1_region	0	0	0.00	0	0
NW_022145382.1	23435	3892	0.17	0	16
NW_022145382.1_region	0	0	0.00	0	0
NW_022145383.1	21401	2634	0.12	0	19
NW_022145383.1_region	0	0	0.00	0	0
NW_022145384.1	19291	6233	0.32	0	99
NW_022145384.1_region	0	0	0.00	0	0
NW_022145385.1	18791	2635	0.14	0	15
NW_022145385.1_region	0	0	0.00	0	0
NW_022145386.1	18617	3220	0.17	0	14
NW_022145386.1_region	0	0	0.00	0	0
NW_022145387.1	17981	2499	0.14	0	18
NW_022145387.1_region	0	0	0.00	0	0
NW_022145388.1	17946	2977	0.17	0	14
NW_022145388.1_region	0	0	0.00	0	0
NW_022145389.1	17857	3952	0.22	0	14
NW_022145389.1_region	0	0	0.00	0	0
NW_022145390.1	21857	4545	0.21	0	16
NW_022145390.1_region	589	0	0.00	0	0
NW_022145391.1	33930	7793	0.23	0	24
NW_022145391.1_region	0	0	0.00	0	0
NW_022145392.1	88843	5555	0.06	0	18
NW_022145392.1_region	0	0	0.00	0	0
NW_022145393.1	22373	8066	0.36	0	35
NW_022145393.1_region	0	0	0.00	0	0
NW_022145394.1	20846	8259	0.40	0	132
NW_022145394.1_region	0	0	0.00	0	0
NW_022145395.1	18089	2157	0.12	0	21
NW_022145395.1_region	1125	0	0.00	0	0
NW_022145396.1	15624	2867	0.18	0	17
NW_022145396.1_region	0	0	0.00	0	0
NW_022145397.1	15314	1774	0.12	0	18
NW_022145397.1_region	3172	420	0.13	0	18
NW_022145398.1	146455	13843	0.09	0	19
NW_022145398.1_region	0	0	0.00	0	0
NW_022145399.1	17799	1617	0.09	0	11
NW_022145399.1_region	0	0	0.00	0	0
NW_022145400.1	17257	3213	0.19	0	36
NW_022145400.1_region	1338	0	0.00	0	0
NW_022145401.1	16486	5476	0.33	0	47
NW_022145401.1_region	573	0	0.00	0	0
NW_022145402.1	15178	3574	0.24	0	44
NW_022145402.1_region	0	0	0.00	0	0
NW_022145403.1	45037	2180	0.05	0	4
NW_022145403.1_region	0	0	0.00	0	0
NW_022145404.1	57045	82	0.00	0	2
NW_022145404.1_region	0	0	0.00	0	0
NW_022145405.1	22053	7913	0.36	0	208
NW_022145405.1_region	0	0	0.00	0	0
NW_022145406.1	43925	149125	3.39	0	225
NW_022145406.1_region	0	0	0.00	0	0
NW_022145407.1	24217	8338	0.34	0	95
NW_022145407.1_region	5022	0	0.00	0	0
NW_022145408.1	16015	3626	0.23	0	40
NW_022145408.1_region	0	0	0.00	0	0
NW_022145409.1	71395	233031	3.26	0	359
NW_022145409.1_region	0	0	0.00	0	0
NW_022145410.1	73525	1113281	15.14	0	410
NW_022145410.1_region	0	0	0.00	0	0
NW_022145411.1	16065	5007	0.31	0	34
NW_022145411.1_region	740	38	0.05	0	2
NW_022145412.1	20205	2944	0.15	0	13
NW_022145412.1_region	0	0	0.00	0	0
NW_022145413.1	31795	82290	2.59	0	245
NW_022145413.1_region	0	0	0.00	0	0
NW_022145414.1	15341	3145	0.21	0	45
NW_022145414.1_region	0	0	0.00	0	0
NW_022145415.1	60355	10088	0.17	0	23
NW_022145415.1_region	0	0	0.00	0	0
NW_022145416.1	16986	4347	0.26	0	20
NW_022145416.1_region	1207	0	0.00	0	0
NW_022145417.1	51512	1679	0.03	0	4
NW_022145417.1_region	0	0	0.00	0	0
NW_022145418.1	17001	4248	0.25	0	26
NW_022145418.1_region	0	0	0.00	0	0
NW_022145419.1	67720	1250898	18.47	0	4183
NW_022145419.1_region	2640	40234	15.24	0	137
NW_022145420.1	35402	93014	2.63	0	430
NW_022145420.1_region	0	0	0.00	0	0
NW_022145421.1	23454	4565	0.19	0	36
NW_022145421.1_region	1191	26	0.02	0	2
NW_022145422.1	78273	297353	3.80	0	214
NW_022145422.1_region	0	0	0.00	0	0
NW_022145423.1	126508	66871	0.53	0	389
NW_022145423.1_region	0	0	0.00	0	0
NW_022145424.1	62776	32524	0.52	0	31
NW_022145424.1_region	0	0	0.00	0	0
NW_022145425.1	30360	712	0.02	0	6
NW_022145425.1_region	0	0	0.00	0	0
NW_022145426.1	79185	16818	0.21	0	21
NW_022145426.1_region	0	0	0.00	0	0
NW_022145427.1	152116	124851	0.82	0	107
NW_022145427.1_region	10674	20687	1.94	0	28
NW_022145428.1	65691	257669	3.92	0	231
NW_022145428.1_region	0	0	0.00	0	0
NW_022145429.1	66232	961822	14.52	0	1485
NW_022145429.1_region	919	7166	7.80	0	29
NW_022145430.1	42199	209259	4.96	0	412
NW_022145430.1_region	0	0	0.00	0	0
NW_022145431.1	56568	1005324	17.77	0	1524
NW_022145431.1_region	3939	59528	15.11	0	201
NW_022145432.1	111484	125435	1.13	0	294
NW_022145432.1_region	0	0	0.00	0	0
NW_022145433.1	30854	11529	0.37	0	16
NW_022145433.1_region	0	0	0.00	0	0
NW_022145434.1	18775	8922	0.48	0	130
NW_022145434.1_region	0	0	0.00	0	0
NW_022145435.1	122365	582593	4.76	0	677
NW_022145435.1_region	0	0	0.00	0	0
NW_022145436.1	31453	9234	0.29	0	26
NW_022145436.1_region	0	0	0.00	0	0
NW_022145437.1	105348	565709	5.37	0	269
NW_022145437.1_region	1621	22981	14.18	0	37
NW_022145438.1	53375	390876	7.32	0	1925
NW_022145438.1_region	0	0	0.00	0	0
NW_022145439.1	77972	692443	8.88	0	722
NW_022145439.1_region	0	0	0.00	0	0
NW_022145440.1	82617	1055325	12.77	0	420
NW_022145440.1_region	0	0	0.00	0	0
NW_022145441.1	62133	435875	7.02	0	2626
NW_022145441.1_region	0	0	0.00	0	0
NW_022145442.1	41935	8714	0.21	0	30
NW_022145442.1_region	0	0	0.00	0	0
NW_022145443.1	40287	3450196	85.64	0	1499
NW_022145443.1_region	0	0	0.00	0	0
NW_022145444.1	25197	4047	0.16	0	18
NW_022145444.1_region	0	0	0.00	0	0
NW_022145445.1	64732	75759	1.17	0	57
NW_022145445.1_region	0	0	0.00	0	0
NW_022145446.1	65218	521609	8.00	0	459
NW_022145446.1_region	0	0	0.00	0	0
NW_022145447.1	15922	31362	1.97	0	192
NW_022145447.1_region	0	0	0.00	0	0
NW_022145448.1	107340	220495	2.05	0	565
NW_022145448.1_region	0	0	0.00	0	0
NW_022145449.1	63868	4753	0.07	0	15
NW_022145449.1_region	0	0	0.00	0	0
NW_022145450.1	33901	36886	1.09	0	208
NW_022145450.1_region	0	0	0.00	0	0
NW_022145451.1	25217	5452	0.22	0	7
NW_022145451.1_region	0	0	0.00	0	0
NW_022145452.1	61174	7613	0.12	0	38
NW_022145452.1_region	0	0	0.00	0	0
NW_022145453.1	70260	165430	2.35	0	168
NW_022145453.1_region	0	0	0.00	0	0
NW_022145454.1	46400	34975	0.75	0	258
NW_022145454.1_region	0	0	0.00	0	0
NW_022145455.1	47120	5211	0.11	0	11
NW_022145455.1_region	0	0	0.00	0	0
NW_022145456.1	130804	4742695	36.26	0	7524
NW_022145456.1_region	4653	412427	88.64	0	599
NW_022145457.1	100977	5651902	55.97	0	5374
NW_022145457.1_region	6696	409818	61.20	0	410
NW_022145458.1	16456	4634	0.28	0	63
NW_022145458.1_region	0	0	0.00	0	0
NW_022145459.1	25000	408547	16.34	0	146
NW_022145459.1_region	0	0	0.00	0	0
NW_022145460.1	50000	1237219	24.74	0	985
NW_022145460.1_region	650	28638	44.06	5	80
NW_022145461.1	50000	1731933	34.64	0	347
NW_022145461.1_region	3013	151669	50.34	4	144
NW_022145462.1	50000	999958	20.00	0	461
NW_022145462.1_region	8349	237967	28.50	0	371
NW_022145463.1	50000	2288558	45.77	0	1528
NW_022145463.1_region	1710	83941	49.09	7	128
NW_022145464.1	50000	1505281	30.11	0	639
NW_022145464.1_region	1987	74627	37.56	0	109
NW_022145465.1	15000	452876	30.19	0	293
NW_022145465.1_region	2130	105695	49.62	0	170
NW_022145466.1	5000	6223	1.24	0	31
NW_022145466.1_region	0	0	0.00	0	0
NW_022145467.1	25000	240177	9.61	0	182
NW_022145467.1_region	854	1307	1.53	0	6
NW_022145468.1	25000	417	0.02	0	2
NW_022145468.1_region	0	0	0.00	0	0
NW_022145469.1	86957	108766	1.25	0	143
NW_022145469.1_region	0	0	0.00	0	0
NW_022145470.1	5000	10658	2.13	0	52
NW_022145470.1_region	0	0	0.00	0	0
NW_022145471.1	25000	774769	30.99	0	1814
NW_022145471.1_region	0	0	0.00	0	0
NW_022145472.1	25000	203830	8.15	0	75
NW_022145472.1_region	0	0	0.00	0	0
NW_022145473.1	25000	4778	0.19	0	10
NW_022145473.1_region	0	0	0.00	0	0
NW_022145474.1	25000	567468	22.70	0	549
NW_022145474.1_region	4583	36042	7.86	0	279
NW_022145475.1	1000	235	0.23	0	4
NW_022145475.1_region	0	0	0.00	0	0
NW_022145476.1	50000	3889728	77.79	0	6679
NW_022145476.1_region	5958	17953	3.01	0	14
NW_022145477.1	25000	337433	13.50	0	203
NW_022145477.1_region	1769	40276	22.77	0	87
NW_022145478.1	50000	492603	9.85	0	265
NW_022145478.1_region	1912	132892	69.50	11	120
NW_022145479.1	5000	36274	7.25	0	71
NW_022145479.1_region	0	0	0.00	0	0
NW_022145480.1	15847	2114	0.13	0	15
NW_022145480.1_region	0	0	0.00	0	0
NW_022145481.1	25000	376395	15.06	0	171
NW_022145481.1_region	1828	68950	37.72	0	91
NW_022145482.1	25000	415746	16.63	0	160
NW_022145482.1_region	6670	109879	16.47	0	112
NW_022145483.1	25000	66065	2.64	0	61
NW_022145483.1_region	0	0	0.00	0	0
NW_022145484.1	5000	53229	10.65	0	69
NW_022145484.1_region	1920	23910	12.45	0	66
NW_022145485.1	5000	39293	7.86	0	181
NW_022145485.1_region	0	0	0.00	0	0
NW_022145486.1	5000	51792	10.36	0	127
NW_022145486.1_region	0	0	0.00	0	0
NW_022145487.1	50000	705192	14.10	0	855
NW_022145487.1_region	5526	216847	39.24	0	118
NW_022145488.1	40000	6036	0.15	0	20
NW_022145488.1_region	0	0	0.00	0	0
NW_022145489.1	25000	369229	14.77	0	102
NW_022145489.1_region	4981	161837	32.49	0	96
NW_022145490.1	50000	644730	12.89	0	532
NW_022145490.1_region	0	0	0.00	0	0
NW_022145491.1	115136	66090	0.57	0	353
NW_022145491.1_region	0	0	0.00	0	0
NW_022145492.1	50000	84544	1.69	0	208
NW_022145492.1_region	538	6162	11.45	0	48
NW_022145493.1	50000	2419702	48.39	0	1034
NW_022145493.1_region	1727	68258	39.52	0	101
NW_022145494.1	25000	338090	13.52	0	184
NW_022145494.1_region	0	0	0.00	0	0
NW_022145495.1	50000	911928	18.24	0	500
NW_022145495.1_region	0	0	0.00	0	0
NW_022145496.1	25000	550647	22.03	0	338
NW_022145496.1_region	3257	87925	27.00	0	178
NW_022145497.1	25000	52793	2.11	0	169
NW_022145497.1_region	0	0	0.00	0	0
NW_022145498.1	25000	712901	28.52	0	150
NW_022145498.1_region	2020	125986	62.37	0	98
NW_022145499.1	50000	1433749	28.67	0	750
NW_022145499.1_region	2727	153539	56.30	0	243
NW_022145500.1	25000	261783	10.47	0	210
NW_022145500.1_region	0	0	0.00	0	0
NW_022145501.1	25000	809749	32.39	0	1032
NW_022145501.1_region	0	0	0.00	0	0
NW_022145502.1	61323	10161	0.17	0	34
NW_022145502.1_region	0	0	0.00	0	0
NW_022145503.1	25000	1029856	41.19	0	2553
NW_022145503.1_region	0	0	0.00	0	0
NW_022145504.1	25000	450530	18.02	0	281
NW_022145504.1_region	818	26318	32.17	0	86
NW_022145505.1	25000	14627	0.59	0	100
NW_022145505.1_region	0	0	0.00	0	0
NW_022145506.1	50000	1661572	33.23	0	1547
NW_022145506.1_region	5037	69130	13.72	0	53
NW_022145507.1	240000	1578090	6.58	0	1842
NW_022145507.1_region	27118	12084	0.45	0	46
NW_022145508.1	256744	1260323	4.91	0	172
NW_022145508.1_region	10955	353783	32.29	0	86
NW_022145509.1	50000	1407815	28.16	0	327
NW_022145509.1_region	5447	294472	54.06	0	167
NW_022145510.1	50000	1032264	20.65	0	523
NW_022145510.1_region	4232	348036	82.24	12	454
NW_022145511.1	125000	1194587	9.56	0	196
NW_022145511.1_region	956	5236	5.48	0	61
NW_022145512.1	264514	3716319	14.05	0	3802
NW_022145512.1_region	12524	453707	36.23	0	663
NW_022145513.1	15455	3119	0.20	0	32
NW_022145513.1_region	0	0	0.00	0	0
NW_022145514.1	1221726	27426115	22.45	0	2107
NW_022145514.1_region	109282	3698720	33.85	0	310
NW_022145515.1	446053	11424737	25.61	0	2299
NW_022145515.1_region	26078	744037	28.53	0	179
NW_022145516.1	1773824	32489449	18.32	0	10179
NW_022145516.1_region	80432	2391928	29.74	0	497
NW_022145517.1	410634	7877062	19.18	0	682
NW_022145517.1_region	36382	1000061	27.49	0	154
NW_022145518.1	296294	4395361	14.83	0	3969
NW_022145518.1_region	33611	908709	27.04	0	367
NW_022145519.1	501666	11762806	23.45	0	1103
NW_022145519.1_region	63098	2438427	38.65	0	582
NW_022145520.1	2604766	53620180	20.59	0	4324
NW_022145520.1_region	212256	5912787	27.86	0	331
NW_022145521.1	834627	19459067	23.31	0	5963
NW_022145521.1_region	62510	1861347	29.78	0	154
NW_022145522.1	601000	12992667	21.62	0	1337
NW_022145522.1_region	57876	1133049	19.58	0	191
NW_022145523.1	367191	7988825	21.76	0	1590
NW_022145523.1_region	27941	787051	28.17	0	178
NW_022145524.1	25673	45287	1.76	0	344
NW_022145524.1_region	1236	0	0.00	0	0
NW_022145525.1	496028	12316509	24.83	0	1741
NW_022145525.1_region	64256	2122822	33.04	0	1741
NW_022145526.1	2368880	60320339	25.46	0	11188
NW_022145526.1_region	177085	4525468	25.56	0	489
NW_022145527.1	766201	18500266	24.15	0	7496
NW_022145527.1_region	97046	3004898	30.96	0	273
NW_022145528.1	991221	24122310	24.34	0	8952
NW_022145528.1_region	65731	2321496	35.32	0	281
NW_022145529.1	437458	7202361	16.46	0	2482
NW_022145529.1_region	31770	515276	16.22	0	493
NW_022145530.1	684040	17615907	25.75	0	2658
NW_022145530.1_region	68328	2426535	35.51	0	272
NW_022145531.1	219183	4097223	18.69	0	1260
NW_022145531.1_region	23455	559094	23.84	0	204
NW_022145532.1	1289379	26337217	20.43	0	2450
NW_022145532.1_region	144914	3497526	24.14	0	135
NW_022145533.1	364073	8998119	24.72	0	961
NW_022145533.1_region	43169	1598362	37.03	0	783
NW_022145534.1	1128541	22984749	20.37	0	1154
NW_022145534.1_region	98475	2953848	30.00	0	175
NW_022145535.1	17605	4698	0.27	0	41
NW_022145535.1_region	0	0	0.00	0	0
NW_022145536.1	139137	1817003	13.06	0	682
NW_022145536.1_region	8764	245957	28.06	0	161
NW_022145537.1	426703	11300648	26.48	0	6387
NW_022145537.1_region	41974	1441175	34.33	0	244
NW_022145538.1	583819	12548415	21.49	0	1908
NW_022145538.1_region	59943	1449516	24.18	0	211
NW_022145539.1	1685109	41450888	24.60	0	9980
NW_022145539.1_region	134438	3802844	28.29	0	626
NW_022145540.1	549706	12110685	22.03	0	894
NW_022145540.1_region	89642	2767999	30.88	0	270
NW_022145541.1	1073309	23270520	21.68	0	1802
NW_022145541.1_region	80966	2367930	29.25	0	310
NW_022145542.1	1383299	30017996	21.70	0	1409
NW_022145542.1_region	137462	2978161	21.67	0	256
NW_022145543.1	1596249	32522044	20.37	0	2551
NW_022145543.1_region	159260	3973219	24.95	0	1344
NW_022145544.1	2048326	42512955	20.75	0	2694
NW_022145544.1_region	218318	6119052	28.03	0	299
NW_022145545.1	1678063	39166883	23.34	0	5055
NW_022145545.1_region	224261	6385290	28.47	0	338
NW_022145546.1	53450	13036	0.24	0	224
NW_022145546.1_region	0	0	0.00	0	0
NW_022145547.1	2234538	49530384	22.17	0	4919
NW_022145547.1_region	219929	5494330	24.98	0	309
NW_022145548.1	722242	16883063	23.38	0	2085
NW_022145548.1_region	64020	1818307	28.40	0	468
NW_022145549.1	1791521	49903608	27.86	0	9058
NW_022145549.1_region	126550	3409789	26.94	0	1198
NW_022145550.1	1496376	27516545	18.39	0	3028
NW_022145550.1_region	125726	3205617	25.50	0	209
NW_022145551.1	2795456	62441601	22.34	0	2792
NW_022145551.1_region	254034	7323573	28.83	0	422
NW_022145552.1	2303257	51216376	22.24	0	2556
NW_022145552.1_region	247523	7294836	29.47	0	580
NW_022145553.1	1021577	20541813	20.11	0	2394
NW_022145553.1_region	75587	2062263	27.28	0	243
NW_022145554.1	2052140	45151576	22.00	0	3531
NW_022145554.1_region	246764	7310150	29.62	0	585
NW_022145555.1	898903	21059576	23.43	0	3715
NW_022145555.1_region	89441	2702503	30.22	0	308
NW_022145556.1	638884	11313571	17.71	0	2015
NW_022145556.1_region	7919	1488150	187.92	0	667
NW_022145557.1	22264	2918	0.13	0	15
NW_022145557.1_region	840	0	0.00	0	0
NW_022145558.1	2570869	46625570	18.14	0	2648
NW_022145558.1_region	200527	4313886	21.51	0	709
NW_022145559.1	1083236	29079427	26.84	0	5500
NW_022145559.1_region	88119	3207940	36.40	0	2762
NW_022145560.1	1242028	27362107	22.03	0	2673
NW_022145560.1_region	124116	3355338	27.03	0	276
NW_022145561.1	1175743	23734975	20.19	0	3338
NW_022145561.1_region	103482	4054603	39.18	0	421
NW_022145562.1	889695	20597470	23.15	0	7181
NW_022145562.1_region	54539	1575054	28.88	0	202
NW_022145563.1	1261903	36582717	28.99	0	5014
NW_022145563.1_region	137111	3831419	27.94	0	1167
NW_022145564.1	710235	15441348	21.74	0	1037
NW_022145564.1_region	28828	1302340	45.18	0	798
NW_022145565.1	722416	16198178	22.42	0	1424
NW_022145565.1_region	75245	2258399	30.01	0	350
NW_022145566.1	3042594	73372912	24.12	0	10842
NW_022145566.1_region	348059	10122539	29.08	0	722
NW_022145567.1	781304	13573872	17.37	0	1967
NW_022145567.1_region	70878	1319007	18.61	0	412
NW_022145568.1	22583	5049	0.22	0	36
NW_022145568.1_region	0	0	0.00	0	0
NW_022145569.1	494736	9818405	19.85	0	937
NW_022145569.1_region	33337	840785	25.22	0	523
NW_022145570.1	4944709	110978652	22.44	0	17251
NW_022145570.1_region	427930	15350554	35.87	0	939
NW_022145571.1	1505274	32347437	21.49	0	2054
NW_022145571.1_region	141637	4389858	30.99	0	610
NW_022145572.1	1505788	33124315	22.00	0	5934
NW_022145572.1_region	118078	3700705	31.34	0	299
NW_022145573.1	529305	10150396	19.18	0	1683
NW_022145573.1_region	45206	1578549	34.92	0	1683
NW_022145574.1	1404637	28892765	20.57	0	4029
NW_022145574.1_region	140119	4151607	29.63	0	441
NW_022145575.1	3300603	70090715	21.24	0	2813
NW_022145575.1_region	262357	7463243	28.45	0	541
NW_022145576.1	2906720	65012569	22.37	0	4035
NW_022145576.1_region	257482	7551656	29.33	0	494
NW_022145577.1	252291	6326426	25.08	0	815
NW_022145577.1_region	25499	725349	28.45	0	432
NW_022145578.1	630834	11541794	18.30	0	1141
NW_022145578.1_region	79747	2455341	30.79	0	356
NW_022145579.1	83414	235667	2.83	0	187
NW_022145579.1_region	0	0	0.00	0	0
NW_022145580.1	1039218	22708801	21.85	0	1115
NW_022145580.1_region	107627	2969634	27.59	0	347
NW_022145581.1	427848	6567975	15.35	0	1708
NW_022145581.1_region	47943	945093	19.71	0	250
NW_022145582.1	15763	2003	0.13	0	16
NW_022145582.1_region	1211	156	0.13	0	4
NW_022145583.1	16615	1662	0.10	0	14
NW_022145583.1_region	860	28	0.03	0	4
NW_022145584.1	16732	2546	0.15	0	20
NW_022145584.1_region	702	0	0.00	0	0
NW_022145585.1	21525	4849	0.23	0	22
NW_022145585.1_region	0	0	0.00	0	0
NW_022145586.1	22644	3685	0.16	0	10
NW_022145586.1_region	0	0	0.00	0	0
NW_022145587.1	22806	4095	0.18	0	18
NW_022145587.1_region	2589	152	0.06	0	8
NW_022145588.1	61109	6546	0.11	0	137
NW_022145588.1_region	0	0	0.00	0	0
NW_022145589.1	111277	7614	0.07	0	55
NW_022145589.1_region	0	0	0.00	0	0
NW_022145590.1	98897	115	0.00	0	2
NW_022145590.1_region	0	0	0.00	0	0
NW_022145591.1	92921	46050	0.50	0	43
NW_022145591.1_region	0	0	0.00	0	0
NW_022145592.1	82943	835	0.01	0	14
NW_022145592.1_region	0	0	0.00	0	0
NW_022145593.1	66312	42	0.00	0	2
NW_022145593.1_region	0	0	0.00	0	0
NW_022145594.1	53101916	1502136935	28.29	0	30708
NW_022145594.1_region	3518700	147206833	41.84	0	3384
NW_022145595.1	29984350	941923847	31.41	0	14128
NW_022145595.1_region	2698509	134886831	49.99	0	1589
NW_022145596.1	33320444	1028295259	30.86	0	39404
NW_022145596.1_region	3291199	152781953	46.42	0	1001
NW_022145597.1	34141700	1101553211	32.26	0	19009
NW_022145597.1_region	3034785	167929295	55.33	0	9592
NW_022145598.1	37305039	1010845000	27.10	0	10539
NW_022145598.1_region	2728783	120202169	44.05	0	4740
NW_022145599.1	37767046	1128214847	29.87	0	51662
NW_022145599.1_region	3894798	174872505	44.90	0	3318
NW_022145600.1	37282239	1082096974	29.02	0	15902
NW_022145600.1_region	3441413	152777868	44.39	0	2138
NW_022145601.1	35007347	1012916474	28.93	0	15367
NW_022145601.1_region	3029754	138761743	45.80	0	2729
NW_022145602.1	30021120	763978673	25.45	0	12729
NW_022145602.1_region	2255655	92152159	40.85	0	5220
NW_022145603.1	34285068	929447337	27.11	0	18865
NW_022145603.1_region	2227231	99900430	44.85	0	2959
NW_022145604.1	33742549	947317791	28.07	0	11477
NW_022145604.1_region	2908891	123906892	42.60	0	2707
NW_022145605.1	42589791	1203171214	28.25	0	13823
NW_022145605.1_region	4109591	179910727	43.78	0	2275
NW_022145606.1	52437917	1333230854	25.42	0	61181
NW_022145606.1_region	3179802	117938736	37.09	0	11755
NW_022145607.1	45798072	1178459412	25.73	0	13694
NW_022145607.1_region	3702770	163250972	44.09	0	1196
NW_022145608.1	80573	293543	3.64	0	210
NW_022145608.1_region	446	6691	15.00	0	30
NW_022145609.1	39838600	1120577459	28.13	0	22868
NW_022145609.1_region	3533833	149630398	42.34	0	1914
NW_022145610.1	35917773	994690607	27.69	0	15096
NW_022145610.1_region	3191992	146342861	45.85	0	7626
NW_022145611.1	45225044	1458440015	32.25	0	21966
NW_022145611.1_region	5090928	245943909	48.31	0	2496
NW_022145612.1	62154208	1967125441	31.65	0	12097
NW_022145612.1_region	7644422	351524457	45.98	0	4230
NW_022145613.1	39667378	1251842858	31.56	0	23839
NW_022145613.1_region	4227065	208625110	49.35	0	3221
NW_022145614.1	33637615	1128387238	33.55	0	10139
NW_022145614.1_region	3698046	180947654	48.93	0	2329
NW_022145615.1	35239632	1174836834	33.34	0	60232
NW_022145615.1_region	3497029	178708197	51.10	0	43469
NC_001453.1	15650	4781356	305.52	0	598
NC_001453.1_region	0	0	0.00	0	0
total	921745822	26074555458	28.29	0	61181
total_region	82300663	3638865631	44.21	0	43469
