chrom	length	bases	mean	min	max
NW_022144747.1	60028	39	0.00	0	2
NW_022144747.1_region	0	0	0.00	0	0
NW_022144748.1	57988	162	0.00	0	2
NW_022144748.1_region	939	0	0.00	0	0
NW_022144751.1	44134	426	0.01	0	5
NW_022144751.1_region	4170	0	0.00	0	0
NW_022144752.1	38760	38	0.00	0	2
NW_022144752.1_region	0	0	0.00	0	0
NW_022144753.1	32290	146	0.00	0	2
NW_022144753.1_region	819	0	0.00	0	0
NW_022144755.1	29101	118	0.00	0	3
NW_022144755.1_region	0	0	0.00	0	0
NW_022144756.1	26146	234	0.01	0	3
NW_022144756.1_region	0	0	0.00	0	0
NW_022144757.1	25658	116	0.00	0	2
NW_022144757.1_region	2781	0	0.00	0	0
NW_022144758.1	25340	42	0.00	0	1
NW_022144758.1_region	0	0	0.00	0	0
NW_022144759.1	25179	64	0.00	0	1
NW_022144759.1_region	8430	0	0.00	0	0
NW_022144761.1	23711	278	0.01	0	6
NW_022144761.1_region	0	0	0.00	0	0
NW_022144762.1	23070	81	0.00	0	2
NW_022144762.1_region	1032	0	0.00	0	0
NW_022144763.1	22953	123	0.01	0	2
NW_022144763.1_region	2952	40	0.01	0	2
NW_022144764.1	22620	141	0.01	0	2
NW_022144764.1_region	2640	0	0.00	0	0
NW_022144765.1	22433	40	0.00	0	2
NW_022144765.1_region	11148	40	0.00	0	2
NW_022144766.1	21973	76	0.00	0	4
NW_022144766.1_region	0	0	0.00	0	0
NW_022144767.1	21667	249	0.01	0	5
NW_022144767.1_region	0	0	0.00	0	0
NW_022144768.1	21625	63	0.00	0	2
NW_022144768.1_region	0	0	0.00	0	0
NW_022144769.1	21387	63	0.00	0	2
NW_022144769.1_region	0	0	0.00	0	0
NW_022144771.1	21068	179	0.01	0	4
NW_022144771.1_region	0	0	0.00	0	0
NW_022144772.1	21005	251	0.01	0	2
NW_022144772.1_region	0	0	0.00	0	0
NW_022144773.1	20784	99	0.00	0	1
NW_022144773.1_region	0	0	0.00	0	0
NW_022144774.1	20670	119	0.01	0	2
NW_022144774.1_region	0	0	0.00	0	0
NW_022144775.1	20129	141	0.01	0	2
NW_022144775.1_region	0	0	0.00	0	0
NW_022144776.1	19833	38	0.00	0	2
NW_022144776.1_region	1593	0	0.00	0	0
NW_022144777.1	19372	200	0.01	0	3
NW_022144777.1_region	0	0	0.00	0	0
NW_022144778.1	19224	84	0.00	0	2
NW_022144778.1_region	1185	0	0.00	0	0
NW_022144779.1	18924	38	0.00	0	2
NW_022144779.1_region	4515	0	0.00	0	0
NW_022144780.1	18903	46	0.00	0	1
NW_022144780.1_region	0	0	0.00	0	0
NW_022144781.1	18719	46	0.00	0	1
NW_022144781.1_region	0	0	0.00	0	0
NW_022144782.1	18716	123	0.01	0	2
NW_022144782.1_region	0	0	0.00	0	0
NW_022144783.1	18557	76	0.00	0	4
NW_022144783.1_region	312	0	0.00	0	0
NW_022144784.1	18439	72	0.00	0	3
NW_022144784.1_region	0	0	0.00	0	0
NW_022144785.1	18330	249	0.01	0	2
NW_022144785.1_region	0	0	0.00	0	0
NW_022144786.1	18214	38	0.00	0	2
NW_022144786.1_region	0	0	0.00	0	0
NW_022144787.1	18153	62	0.00	0	1
NW_022144787.1_region	0	0	0.00	0	0
NW_022144788.1	17951	120	0.01	0	2
NW_022144788.1_region	0	0	0.00	0	0
NW_022144789.1	17798	150	0.01	0	3
NW_022144789.1_region	0	0	0.00	0	0
NW_022144791.1	17648	76	0.00	0	2
NW_022144791.1_region	0	0	0.00	0	0
NW_022144792.1	17542	259	0.01	0	6
NW_022144792.1_region	1403	0	0.00	0	0
NW_022144793.1	17493	130	0.01	0	3
NW_022144793.1_region	0	0	0.00	0	0
NW_022144794.1	17213	157	0.01	0	2
NW_022144794.1_region	0	0	0.00	0	0
NW_022144795.1	17172	205	0.01	0	5
NW_022144795.1_region	0	0	0.00	0	0
NW_022144796.1	17039	152	0.01	0	2
NW_022144796.1_region	894	0	0.00	0	0
NW_022144797.1	17012	60	0.00	0	1
NW_022144797.1_region	0	0	0.00	0	0
NW_022144798.1	16271	118	0.01	0	4
NW_022144798.1_region	0	0	0.00	0	0
NW_022144799.1	16212	71	0.00	0	2
NW_022144799.1_region	1650	0	0.00	0	0
NW_022144801.1	16082	264	0.02	0	6
NW_022144801.1_region	0	0	0.00	0	0
NW_022144802.1	16073	218	0.01	0	3
NW_022144802.1_region	0	0	0.00	0	0
NW_022144803.1	15882	78	0.00	0	2
NW_022144803.1_region	0	0	0.00	0	0
NW_022144804.1	15872	84	0.01	0	2
NW_022144804.1_region	1277	0	0.00	0	0
NW_022144805.1	15755	97	0.01	0	4
NW_022144805.1_region	0	0	0.00	0	0
NW_022144806.1	15729	153	0.01	0	2
NW_022144806.1_region	0	0	0.00	0	0
NW_022144808.1	15697	21	0.00	0	1
NW_022144808.1_region	0	0	0.00	0	0
NW_022144809.1	15254	42	0.00	0	1
NW_022144809.1_region	624	0	0.00	0	0
NW_022144810.1	15245	116	0.01	0	4
NW_022144810.1_region	0	0	0.00	0	0
NW_022144811.1	15184	77	0.01	0	2
NW_022144811.1_region	1176	0	0.00	0	0
NW_022144812.1	15180	438	0.03	0	8
NW_022144812.1_region	0	0	0.00	0	0
NW_022144813.1	64470	324380	5.03	0	162
NW_022144813.1_region	2668	70386	26.38	0	76
NW_022144814.1	20273	128	0.01	0	2
NW_022144814.1_region	0	0	0.00	0	0
NW_022144815.1	19793	236	0.01	0	4
NW_022144815.1_region	0	0	0.00	0	0
NW_022144816.1	18134	260	0.01	0	5
NW_022144816.1_region	555	0	0.00	0	0
NW_022144817.1	17838	276	0.02	0	4
NW_022144817.1_region	0	0	0.00	0	0
NW_022144818.1	15663	146	0.01	0	2
NW_022144818.1_region	0	0	0.00	0	0
NW_022144819.1	25897	50669	1.96	0	52
NW_022144819.1_region	1580	18657	11.81	0	52
NW_022144820.1	14953	115	0.01	0	3
NW_022144820.1_region	0	0	0.00	0	0
NW_022144821.1	14859	447	0.03	0	8
NW_022144821.1_region	0	0	0.00	0	0
NW_022144823.1	14815	112	0.01	0	2
NW_022144823.1_region	0	0	0.00	0	0
NW_022144824.1	14806	552	0.04	0	12
NW_022144824.1_region	0	0	0.00	0	0
NW_022144825.1	14766	84	0.01	0	2
NW_022144825.1_region	0	0	0.00	0	0
NW_022144826.1	14747	63	0.00	0	2
NW_022144826.1_region	0	0	0.00	0	0
NW_022144827.1	14741	301	0.02	0	7
NW_022144827.1_region	0	0	0.00	0	0
NW_022144828.1	14710	19	0.00	0	1
NW_022144828.1_region	1104	19	0.02	0	1
NW_022144829.1	14707	38	0.00	0	2
NW_022144829.1_region	0	0	0.00	0	0
NW_022144830.1	14679	222	0.02	0	3
NW_022144830.1_region	549	0	0.00	0	0
NW_022144831.1	14604	177	0.01	0	2
NW_022144831.1_region	0	0	0.00	0	0
NW_022144832.1	14536	121	0.01	0	2
NW_022144832.1_region	0	0	0.00	0	0
NW_022144833.1	14472	452	0.03	0	8
NW_022144833.1_region	0	0	0.00	0	0
NW_022144834.1	14424	383	0.03	0	11
NW_022144834.1_region	0	0	0.00	0	0
NW_022144835.1	14392	26680	1.85	0	94
NW_022144835.1_region	0	0	0.00	0	0
NW_022144836.1	14366	71	0.00	0	2
NW_022144836.1_region	0	0	0.00	0	0
NW_022144837.1	14316	76	0.01	0	2
NW_022144837.1_region	474	0	0.00	0	0
NW_022144838.1	14178	216	0.02	0	3
NW_022144838.1_region	557	0	0.00	0	0
NW_022144839.1	14036	42	0.00	0	2
NW_022144839.1_region	0	0	0.00	0	0
NW_022144840.1	13984	64	0.00	0	2
NW_022144840.1_region	0	0	0.00	0	0
NW_022144841.1	13922	42	0.00	0	2
NW_022144841.1_region	642	0	0.00	0	0
NW_022144842.1	13691	747	0.05	0	17
NW_022144842.1_region	765	0	0.00	0	0
NW_022144844.1	13628	61	0.00	0	2
NW_022144844.1_region	975	0	0.00	0	0
NW_022144845.1	13496	183	0.01	0	3
NW_022144845.1_region	0	0	0.00	0	0
NW_022144847.1	13443	647	0.05	0	6
NW_022144847.1_region	0	0	0.00	0	0
NW_022144848.1	13325	315	0.02	0	8
NW_022144848.1_region	0	0	0.00	0	0
NW_022144849.1	13232	616	0.05	0	18
NW_022144849.1_region	501	0	0.00	0	0
NW_022144851.1	13037	1346	0.10	0	37
NW_022144851.1_region	0	0	0.00	0	0
NW_022144852.1	13005	42	0.00	0	2
NW_022144852.1_region	0	0	0.00	0	0
NW_022144854.1	12677	86	0.01	0	2
NW_022144854.1_region	0	0	0.00	0	0
NW_022144855.1	12615	221	0.02	0	2
NW_022144855.1_region	0	0	0.00	0	0
NW_022144856.1	12598	31	0.00	0	1
NW_022144856.1_region	0	0	0.00	0	0
NW_022144857.1	12436	40	0.00	0	2
NW_022144857.1_region	0	0	0.00	0	0
NW_022144858.1	12426	61	0.00	0	2
NW_022144858.1_region	0	0	0.00	0	0
NW_022144860.1	12325	146	0.01	0	3
NW_022144860.1_region	0	0	0.00	0	0
NW_022144861.1	12317	38	0.00	0	2
NW_022144861.1_region	0	0	0.00	0	0
NW_022144862.1	12297	145	0.01	0	3
NW_022144862.1_region	657	0	0.00	0	0
NW_022144863.1	12291	482	0.04	0	6
NW_022144863.1_region	0	0	0.00	0	0
NW_022144864.1	12247	89	0.01	0	2
NW_022144864.1_region	0	0	0.00	0	0
NW_022144865.1	12235	437	0.04	0	20
NW_022144865.1_region	495	0	0.00	0	0
NW_022144866.1	12202	178	0.01	0	3
NW_022144866.1_region	0	0	0.00	0	0
NW_022144867.1	12165	93	0.01	0	2
NW_022144867.1_region	0	0	0.00	0	0
NW_022144868.1	12125	157	0.01	0	4
NW_022144868.1_region	0	0	0.00	0	0
NW_022144869.1	12087	71770	5.94	0	316
NW_022144869.1_region	0	0	0.00	0	0
NW_022144871.1	11989	404	0.03	0	9
NW_022144871.1_region	0	0	0.00	0	0
NW_022144872.1	11899	158	0.01	0	2
NW_022144872.1_region	0	0	0.00	0	0
NW_022144873.1	11852	40	0.00	0	2
NW_022144873.1_region	1830	0	0.00	0	0
NW_022144874.1	11838	32	0.00	0	1
NW_022144874.1_region	0	0	0.00	0	0
NW_022144876.1	11673	424	0.04	0	8
NW_022144876.1_region	0	0	0.00	0	0
NW_022144877.1	11635	86	0.01	0	2
NW_022144877.1_region	0	0	0.00	0	0
NW_022144879.1	11539	347	0.03	0	4
NW_022144879.1_region	0	0	0.00	0	0
NW_022144880.1	11518	224	0.02	0	5
NW_022144880.1_region	0	0	0.00	0	0
NW_022144881.1	11448	248	0.02	0	8
NW_022144881.1_region	0	0	0.00	0	0
NW_022144882.1	11400	351	0.03	0	8
NW_022144882.1_region	0	0	0.00	0	0
NW_022144883.1	11312	24	0.00	0	1
NW_022144883.1_region	0	0	0.00	0	0
NW_022144884.1	11268	126	0.01	0	2
NW_022144884.1_region	0	0	0.00	0	0
NW_022144885.1	11127	377	0.03	0	8
NW_022144885.1_region	0	0	0.00	0	0
NW_022144886.1	74569	229994	3.08	0	149
NW_022144886.1_region	0	0	0.00	0	0
NW_022144887.1	11069	104	0.01	0	2
NW_022144887.1_region	0	0	0.00	0	0
NW_022144888.1	11058	170	0.02	0	5
NW_022144888.1_region	0	0	0.00	0	0
NW_022144889.1	11056	40	0.00	0	2
NW_022144889.1_region	0	0	0.00	0	0
NW_022144891.1	10968	28	0.00	0	1
NW_022144891.1_region	0	0	0.00	0	0
NW_022144893.1	10903	166	0.02	0	6
NW_022144893.1_region	0	0	0.00	0	0
NW_022144894.1	10814	164	0.02	0	2
NW_022144894.1_region	0	0	0.00	0	0
NW_022144895.1	10747	20	0.00	0	1
NW_022144895.1_region	0	0	0.00	0	0
NW_022144896.1	10744	44	0.00	0	1
NW_022144896.1_region	1205	0	0.00	0	0
NW_022144897.1	116516	2185254	18.75	0	360
NW_022144897.1_region	8798	136099	15.47	0	37
NW_022144898.1	10667	4971	0.47	0	28
NW_022144898.1_region	503	0	0.00	0	0
NW_022144899.1	10605	20	0.00	0	1
NW_022144899.1_region	0	0	0.00	0	0
NW_022144900.1	10598	69	0.01	0	2
NW_022144900.1_region	0	0	0.00	0	0
NW_022144901.1	10582	434	0.04	0	10
NW_022144901.1_region	1699	0	0.00	0	0
NW_022144902.1	10532	21	0.00	0	1
NW_022144902.1_region	0	0	0.00	0	0
NW_022144903.1	10529	96	0.01	0	2
NW_022144903.1_region	0	0	0.00	0	0
NW_022144904.1	10526	156	0.01	0	2
NW_022144904.1_region	335	0	0.00	0	0
NW_022144906.1	10376	138	0.01	0	3
NW_022144906.1_region	395	0	0.00	0	0
NW_022144907.1	10259	81	0.01	0	2
NW_022144907.1_region	0	0	0.00	0	0
NW_022144908.1	57212	636811	11.13	0	240
NW_022144908.1_region	0	0	0.00	0	0
NW_022144909.1	10257	82	0.01	0	2
NW_022144909.1_region	0	0	0.00	0	0
NW_022144912.1	10118	169	0.02	0	2
NW_022144912.1_region	0	0	0.00	0	0
NW_022144913.1	10045	77	0.01	0	2
NW_022144913.1_region	0	0	0.00	0	0
NW_022144914.1	10027	38	0.00	0	2
NW_022144914.1_region	0	0	0.00	0	0
NW_022144915.1	10023	457	0.05	0	14
NW_022144915.1_region	0	0	0.00	0	0
NW_022144917.1	9968	83	0.01	0	2
NW_022144917.1_region	0	0	0.00	0	0
NW_022144918.1	9948	447	0.04	0	10
NW_022144918.1_region	0	0	0.00	0	0
NW_022144919.1	101694	608143	5.98	0	167
NW_022144919.1_region	0	0	0.00	0	0
NW_022144921.1	9870	57	0.01	0	2
NW_022144921.1_region	0	0	0.00	0	0
NW_022144922.1	9860	61	0.01	0	2
NW_022144922.1_region	0	0	0.00	0	0
NW_022144923.1	9823	61	0.01	0	2
NW_022144923.1_region	0	0	0.00	0	0
NW_022144925.1	9791	120	0.01	0	2
NW_022144925.1_region	333	0	0.00	0	0
NW_022144926.1	9769	102	0.01	0	4
NW_022144926.1_region	1017	0	0.00	0	0
NW_022144927.1	9710	116	0.01	0	2
NW_022144927.1_region	0	0	0.00	0	0
NW_022144928.1	9694	84	0.01	0	2
NW_022144928.1_region	740	0	0.00	0	0
NW_022144929.1	9642	115	0.01	0	2
NW_022144929.1_region	0	0	0.00	0	0
NW_022144930.1	49449	262645	5.31	0	146
NW_022144930.1_region	920	4252	4.62	0	13
NW_022144931.1	9636	253	0.03	0	5
NW_022144931.1_region	1002	0	0.00	0	0
NW_022144932.1	9590	78	0.01	0	2
NW_022144932.1_region	0	0	0.00	0	0
NW_022144933.1	9519	1819	0.19	0	13
NW_022144933.1_region	0	0	0.00	0	0
NW_022144934.1	9503	125	0.01	0	2
NW_022144934.1_region	586	0	0.00	0	0
NW_022144936.1	9315	97	0.01	0	2
NW_022144936.1_region	0	0	0.00	0	0
NW_022144937.1	9305	90	0.01	0	2
NW_022144937.1_region	0	0	0.00	0	0
NW_022144938.1	9294	20	0.00	0	1
NW_022144938.1_region	0	0	0.00	0	0
NW_022144941.1	159342	481596	3.02	0	139
NW_022144941.1_region	10419	11781	1.13	0	11
NW_022144942.1	9236	124	0.01	0	4
NW_022144942.1_region	0	0	0.00	0	0
NW_022144943.1	9207	323	0.04	0	3
NW_022144943.1_region	0	0	0.00	0	0
NW_022144944.1	9202	24	0.00	0	1
NW_022144944.1_region	0	0	0.00	0	0
NW_022144945.1	9131	176	0.02	0	5
NW_022144945.1_region	489	0	0.00	0	0
NW_022144946.1	9108	42	0.00	0	2
NW_022144946.1_region	0	0	0.00	0	0
NW_022144947.1	9060	116	0.01	0	2
NW_022144947.1_region	0	0	0.00	0	0
NW_022144948.1	9047	49	0.01	0	1
NW_022144948.1_region	627	0	0.00	0	0
NW_022144949.1	9042	183	0.02	0	2
NW_022144949.1_region	0	0	0.00	0	0
NW_022144950.1	8932	24	0.00	0	1
NW_022144950.1_region	0	0	0.00	0	0
NW_022144951.1	8878	795	0.09	0	17
NW_022144951.1_region	0	0	0.00	0	0
NW_022144952.1	134345	286455	2.13	0	126
NW_022144952.1_region	4213	10426	2.47	0	16
NW_022144953.1	8840	40	0.00	0	2
NW_022144953.1_region	0	0	0.00	0	0
NW_022144954.1	8825	62	0.01	0	1
NW_022144954.1_region	468	0	0.00	0	0
NW_022144955.1	8703	708	0.08	0	22
NW_022144955.1_region	0	0	0.00	0	0
NW_022144956.1	8644	57	0.01	0	2
NW_022144956.1_region	0	0	0.00	0	0
NW_022144957.1	8617	389	0.05	0	6
NW_022144957.1_region	0	0	0.00	0	0
NW_022144958.1	8592	61	0.01	0	2
NW_022144958.1_region	0	0	0.00	0	0
NW_022144959.1	8588	59	0.01	0	2
NW_022144959.1_region	0	0	0.00	0	0
NW_022144960.1	8539	281	0.03	0	7
NW_022144960.1_region	0	0	0.00	0	0
NW_022144961.1	8519	66	0.01	0	2
NW_022144961.1_region	0	0	0.00	0	0
NW_022144962.1	8514	38	0.00	0	2
NW_022144962.1_region	0	0	0.00	0	0
NW_022144963.1	63343	168805	2.66	0	182
NW_022144963.1_region	868	10140	11.68	0	38
NW_022144964.1	8499	116	0.01	0	3
NW_022144964.1_region	0	0	0.00	0	0
NW_022144965.1	8462	59	0.01	0	2
NW_022144965.1_region	0	0	0.00	0	0
NW_022144966.1	8446	70	0.01	0	2
NW_022144966.1_region	0	0	0.00	0	0
NW_022144967.1	8427	51	0.01	0	2
NW_022144967.1_region	0	0	0.00	0	0
NW_022144968.1	8371	38	0.00	0	2
NW_022144968.1_region	0	0	0.00	0	0
NW_022144969.1	8367	103	0.01	0	2
NW_022144969.1_region	0	0	0.00	0	0
NW_022144970.1	8351	38	0.00	0	2
NW_022144970.1_region	987	0	0.00	0	0
NW_022144971.1	8336	41	0.00	0	1
NW_022144971.1_region	0	0	0.00	0	0
NW_022144972.1	8298	84	0.01	0	2
NW_022144972.1_region	0	0	0.00	0	0
NW_022144973.1	8278	78	0.01	0	2
NW_022144973.1_region	0	0	0.00	0	0
NW_022144974.1	161611	2069569	12.81	0	446
NW_022144974.1_region	0	0	0.00	0	0
NW_022144975.1	8272	313	0.04	0	5
NW_022144975.1_region	995	0	0.00	0	0
NW_022144976.1	8270	71	0.01	0	1
NW_022144976.1_region	0	0	0.00	0	0
NW_022144977.1	8265	42	0.01	0	1
NW_022144977.1_region	0	0	0.00	0	0
NW_022144978.1	8229	84	0.01	0	2
NW_022144978.1_region	0	0	0.00	0	0
NW_022144980.1	8208	78	0.01	0	2
NW_022144980.1_region	0	0	0.00	0	0
NW_022144981.1	8193	37613	4.59	0	116
NW_022144981.1_region	0	0	0.00	0	0
NW_022144982.1	8177	1603	0.20	0	33
NW_022144982.1_region	0	0	0.00	0	0
NW_022144983.1	8151	268	0.03	0	10
NW_022144983.1_region	0	0	0.00	0	0
NW_022144984.1	8029	122	0.02	0	2
NW_022144984.1_region	0	0	0.00	0	0
NW_022144985.1	24776	118697	4.79	0	252
NW_022144985.1_region	0	0	0.00	0	0
NW_022144986.1	8004	24	0.00	0	1
NW_022144986.1_region	0	0	0.00	0	0
NW_022144987.1	7998	81	0.01	0	2
NW_022144987.1_region	0	0	0.00	0	0
NW_022144989.1	7982	20	0.00	0	1
NW_022144989.1_region	0	0	0.00	0	0
NW_022144990.1	7899	64	0.01	0	2
NW_022144990.1_region	0	0	0.00	0	0
NW_022144991.1	7891	38	0.00	0	2
NW_022144991.1_region	0	0	0.00	0	0
NW_022144992.1	7805	85	0.01	0	2
NW_022144992.1_region	0	0	0.00	0	0
NW_022144993.1	7728	139	0.02	0	3
NW_022144993.1_region	0	0	0.00	0	0
NW_022144994.1	7684	114	0.01	0	2
NW_022144994.1_region	0	0	0.00	0	0
NW_022144995.1	7678	61	0.01	0	2
NW_022144995.1_region	0	0	0.00	0	0
NW_022144996.1	71277	179162	2.51	0	995
NW_022144996.1_region	0	0	0.00	0	0
NW_022144997.1	7613	97	0.01	0	2
NW_022144997.1_region	0	0	0.00	0	0
NW_022144998.1	7609	62	0.01	0	2
NW_022144998.1_region	0	0	0.00	0	0
NW_022145000.1	7606	84	0.01	0	2
NW_022145000.1_region	0	0	0.00	0	0
NW_022145002.1	7546	322	0.04	0	8
NW_022145002.1_region	471	0	0.00	0	0
NW_022145003.1	7508	40	0.01	0	1
NW_022145003.1_region	0	0	0.00	0	0
NW_022145004.1	7486	67	0.01	0	1
NW_022145004.1_region	450	0	0.00	0	0
NW_022145005.1	7447	21	0.00	0	1
NW_022145005.1_region	469	0	0.00	0	0
NW_022145006.1	7443	78	0.01	0	2
NW_022145006.1_region	0	0	0.00	0	0
NW_022145007.1	83156	132017	1.59	0	121
NW_022145007.1_region	0	0	0.00	0	0
NW_022145008.1	7433	108	0.01	0	2
NW_022145008.1_region	0	0	0.00	0	0
NW_022145009.1	7407	21	0.00	0	1
NW_022145009.1_region	0	0	0.00	0	0
NW_022145010.1	7379	20	0.00	0	1
NW_022145010.1_region	0	0	0.00	0	0
NW_022145013.1	7318	116	0.02	0	2
NW_022145013.1_region	1291	12	0.01	0	2
NW_022145014.1	7312	41	0.01	0	1
NW_022145014.1_region	0	0	0.00	0	0
NW_022145018.1	387561	2866729	7.40	0	651
NW_022145018.1_region	9817	20168	2.05	0	20
NW_022145020.1	7195	63	0.01	0	2
NW_022145020.1_region	0	0	0.00	0	0
NW_022145021.1	7190	423	0.06	0	6
NW_022145021.1_region	0	0	0.00	0	0
NW_022145022.1	7187	266	0.04	0	6
NW_022145022.1_region	0	0	0.00	0	0
NW_022145023.1	7105	118	0.02	0	4
NW_022145023.1_region	0	0	0.00	0	0
NW_022145024.1	7072	38	0.01	0	2
NW_022145024.1_region	690	0	0.00	0	0
NW_022145025.1	6971	25	0.00	0	1
NW_022145025.1_region	0	0	0.00	0	0
NW_022145028.1	6909	38	0.01	0	2
NW_022145028.1_region	0	0	0.00	0	0
NW_022145029.1	136630	579375	4.24	0	114
NW_022145029.1_region	1579	2199	1.39	0	5
NW_022145030.1	6887	60	0.01	0	2
NW_022145030.1_region	0	0	0.00	0	0
NW_022145031.1	6886	38	0.01	0	2
NW_022145031.1_region	0	0	0.00	0	0
NW_022145033.1	6839	88	0.01	0	2
NW_022145033.1_region	1329	0	0.00	0	0
NW_022145034.1	6827	38	0.01	0	2
NW_022145034.1_region	0	0	0.00	0	0
NW_022145035.1	6767	60	0.01	0	2
NW_022145035.1_region	537	0	0.00	0	0
NW_022145037.1	6730	1354	0.20	0	29
NW_022145037.1_region	0	0	0.00	0	0
NW_022145038.1	6694	99	0.01	0	2
NW_022145038.1_region	278	21	0.08	0	1
NW_022145039.1	6606	40	0.01	0	2
NW_022145039.1_region	0	0	0.00	0	0
NW_022145040.1	120375	303052	2.52	0	180
NW_022145040.1_region	0	0	0.00	0	0
NW_022145043.1	6510	38	0.01	0	2
NW_022145043.1_region	0	0	0.00	0	0
NW_022145044.1	6461	182	0.03	0	2
NW_022145044.1_region	0	0	0.00	0	0
NW_022145046.1	6448	72	0.01	0	2
NW_022145046.1_region	0	0	0.00	0	0
NW_022145047.1	6422	68	0.01	0	2
NW_022145047.1_region	0	0	0.00	0	0
NW_022145050.1	6336	118	0.02	0	4
NW_022145050.1_region	1079	0	0.00	0	0
NW_022145051.1	69137	187728	2.72	0	71
NW_022145051.1_region	0	0	0.00	0	0
NW_022145053.1	6318	172	0.03	0	4
NW_022145053.1_region	0	0	0.00	0	0
NW_022145056.1	6197	174	0.03	0	5
NW_022145056.1_region	0	0	0.00	0	0
NW_022145057.1	6184	25	0.00	0	1
NW_022145057.1_region	1390	0	0.00	0	0
NW_022145058.1	6166	20	0.00	0	1
NW_022145058.1_region	0	0	0.00	0	0
NW_022145059.1	6156	154	0.03	0	4
NW_022145059.1_region	0	0	0.00	0	0
NW_022145060.1	6138	178	0.03	0	4
NW_022145060.1_region	0	0	0.00	0	0
NW_022145061.1	6137	21	0.00	0	1
NW_022145061.1_region	0	0	0.00	0	0
NW_022145062.1	47922	46568	0.97	0	69
NW_022145062.1_region	0	0	0.00	0	0
NW_022145063.1	6118	120	0.02	0	4
NW_022145063.1_region	0	0	0.00	0	0
NW_022145064.1	6116	24	0.00	0	1
NW_022145064.1_region	663	0	0.00	0	0
NW_022145066.1	6082	145	0.02	0	4
NW_022145066.1_region	0	0	0.00	0	0
NW_022145067.1	6078	38	0.01	0	2
NW_022145067.1_region	349	0	0.00	0	0
NW_022145068.1	6067	39	0.01	0	2
NW_022145068.1_region	0	0	0.00	0	0
NW_022145069.1	6042	40	0.01	0	2
NW_022145069.1_region	0	0	0.00	0	0
NW_022145070.1	5912	356	0.06	0	12
NW_022145070.1_region	0	0	0.00	0	0
NW_022145073.1	125721	771147	6.13	0	806
NW_022145073.1_region	1128	1572	1.39	0	11
NW_022145074.1	5886	89	0.02	0	2
NW_022145074.1_region	0	0	0.00	0	0
NW_022145076.1	5852	179	0.03	0	5
NW_022145076.1_region	0	0	0.00	0	0
NW_022145077.1	5819	38	0.01	0	2
NW_022145077.1_region	0	0	0.00	0	0
NW_022145078.1	5814	402	0.07	0	10
NW_022145078.1_region	0	0	0.00	0	0
NW_022145080.1	5718	38	0.01	0	2
NW_022145080.1_region	0	0	0.00	0	0
NW_022145083.1	5623	3532	0.63	0	8
NW_022145083.1_region	0	0	0.00	0	0
NW_022145084.1	104907	293935	2.80	0	300
NW_022145084.1_region	0	0	0.00	0	0
NW_022145085.1	5609	3025	0.54	0	8
NW_022145085.1_region	0	0	0.00	0	0
NW_022145086.1	5578	130	0.02	0	4
NW_022145086.1_region	635	0	0.00	0	0
NW_022145087.1	5530	38	0.01	0	2
NW_022145087.1_region	0	0	0.00	0	0
NW_022145088.1	5487	905	0.16	0	22
NW_022145088.1_region	0	0	0.00	0	0
NW_022145089.1	5471	132	0.02	0	2
NW_022145089.1_region	0	0	0.00	0	0
NW_022145092.1	5321	108	0.02	0	2
NW_022145092.1_region	0	0	0.00	0	0
NW_022145093.1	5319	38	0.01	0	2
NW_022145093.1_region	0	0	0.00	0	0
NW_022145094.1	5316	76	0.01	0	2
NW_022145094.1_region	0	0	0.00	0	0
NW_022145095.1	119971	873182	7.28	0	834
NW_022145095.1_region	0	0	0.00	0	0
NW_022145097.1	3350	5434	1.62	0	34
NW_022145097.1_region	0	0	0.00	0	0
NW_022145098.1	5251	133756	25.47	0	434
NW_022145098.1_region	0	0	0.00	0	0
NW_022145099.1	5225	798	0.15	0	20
NW_022145099.1_region	0	0	0.00	0	0
NW_022145102.1	5187	29245	5.64	0	44
NW_022145102.1_region	0	0	0.00	0	0
NW_022145104.1	5153	438	0.08	0	22
NW_022145104.1_region	0	0	0.00	0	0
NW_022145105.1	5115	515	0.10	0	12
NW_022145105.1_region	0	0	0.00	0	0
NW_022145106.1	20950	27474	1.31	0	51
NW_022145106.1_region	0	0	0.00	0	0
NW_022145107.1	5060	76	0.02	0	2
NW_022145107.1_region	0	0	0.00	0	0
NW_022145108.1	5029	39	0.01	0	1
NW_022145108.1_region	0	0	0.00	0	0
NW_022145109.1	5000	19	0.00	0	1
NW_022145109.1_region	0	0	0.00	0	0
NW_022145111.1	4972	122	0.02	0	4
NW_022145111.1_region	0	0	0.00	0	0
NW_022145112.1	4951	21	0.00	0	1
NW_022145112.1_region	0	0	0.00	0	0
NW_022145115.1	4906	63	0.01	0	2
NW_022145115.1_region	0	0	0.00	0	0
NW_022145116.1	4896	23	0.00	0	1
NW_022145116.1_region	0	0	0.00	0	0
NW_022145117.1	47376	53190	1.12	0	57
NW_022145117.1_region	0	0	0.00	0	0
NW_022145118.1	4884	267	0.05	0	3
NW_022145118.1_region	0	0	0.00	0	0
NW_022145120.1	4846	86	0.02	0	2
NW_022145120.1_region	0	0	0.00	0	0
NW_022145121.1	4840	60	0.01	0	2
NW_022145121.1_region	0	0	0.00	0	0
NW_022145122.1	4808	46	0.01	0	1
NW_022145122.1_region	0	0	0.00	0	0
NW_022145123.1	4782	44	0.01	0	2
NW_022145123.1_region	0	0	0.00	0	0
NW_022145126.1	4727	44	0.01	0	1
NW_022145126.1_region	0	0	0.00	0	0
NW_022145128.1	91882	542839	5.91	0	1438
NW_022145128.1_region	0	0	0.00	0	0
NW_022145129.1	2752	4711	1.71	0	72
NW_022145129.1_region	0	0	0.00	0	0
NW_022145130.1	4677	19	0.00	0	1
NW_022145130.1_region	0	0	0.00	0	0
NW_022145131.1	4671	102	0.02	0	2
NW_022145131.1_region	0	0	0.00	0	0
NW_022145133.1	4668	279	0.06	0	7
NW_022145133.1_region	0	0	0.00	0	0
NW_022145135.1	4651	355	0.08	0	8
NW_022145135.1_region	0	0	0.00	0	0
NW_022145137.1	4640	78	0.02	0	2
NW_022145137.1_region	0	0	0.00	0	0
NW_022145139.1	94356	814015	8.63	0	888
NW_022145139.1_region	882	13995	15.87	0	34
NW_022145140.1	4613	80	0.02	0	2
NW_022145140.1_region	0	0	0.00	0	0
NW_022145141.1	4575	57	0.01	0	3
NW_022145141.1_region	0	0	0.00	0	0
NW_022145143.1	4528	179	0.04	0	4
NW_022145143.1_region	0	0	0.00	0	0
NW_022145144.1	4497	61	0.01	0	2
NW_022145144.1_region	0	0	0.00	0	0
NW_022145147.1	4423	19	0.00	0	1
NW_022145147.1_region	0	0	0.00	0	0
NW_022145149.1	4409	11786	2.67	0	16
NW_022145149.1_region	534	3572	6.69	0	16
NW_022145150.1	68008	55571	0.82	0	46
NW_022145150.1_region	0	0	0.00	0	0
NW_022145152.1	4394	8886	2.02	0	17
NW_022145152.1_region	532	3229	6.07	0	17
NW_022145154.1	4376	38	0.01	0	2
NW_022145154.1_region	0	0	0.00	0	0
NW_022145155.1	4348	0	0.00	0	0
NW_022145155.1_region	0	0	0.00	0	0
NW_022145156.1	4334	68	0.02	0	2
NW_022145156.1_region	0	0	0.00	0	0
NW_022145157.1	4293	76	0.02	0	4
NW_022145157.1_region	0	0	0.00	0	0
NW_022145158.1	4264	79	0.02	0	3
NW_022145158.1_region	0	0	0.00	0	0
NW_022145159.1	4175	2828	0.68	0	7
NW_022145159.1_region	0	0	0.00	0	0
NW_022145161.1	115902	110800	0.96	0	160
NW_022145161.1_region	0	0	0.00	0	0
NW_022145162.1	4158	38	0.01	0	2
NW_022145162.1_region	0	0	0.00	0	0
NW_022145163.1	4151	102	0.02	0	2
NW_022145163.1_region	0	0	0.00	0	0
NW_022145166.1	4087	38	0.01	0	2
NW_022145166.1_region	0	0	0.00	0	0
NW_022145169.1	4076	145	0.04	0	5
NW_022145169.1_region	0	0	0.00	0	0
NW_022145170.1	4072	1642	0.40	0	4
NW_022145170.1_region	0	0	0.00	0	0
NW_022145172.1	67843	87676	1.29	0	34
NW_022145172.1_region	0	0	0.00	0	0
NW_022145173.1	4043	40	0.01	0	2
NW_022145173.1_region	0	0	0.00	0	0
NW_022145174.1	3970	31	0.01	0	1
NW_022145174.1_region	362	0	0.00	0	0
NW_022145178.1	3913	80	0.02	0	2
NW_022145178.1_region	0	0	0.00	0	0
NW_022145180.1	3861	64	0.02	0	3
NW_022145180.1_region	0	0	0.00	0	0
NW_022145182.1	3825	19	0.00	0	1
NW_022145182.1_region	0	0	0.00	0	0
NW_022145183.1	35970	884631	24.59	0	1340
NW_022145183.1_region	0	0	0.00	0	0
NW_022145184.1	3822	82	0.02	0	2
NW_022145184.1_region	0	0	0.00	0	0
NW_022145188.1	3756	254	0.07	0	6
NW_022145188.1_region	0	0	0.00	0	0
NW_022145189.1	1796	202	0.11	0	2
NW_022145189.1_region	0	0	0.00	0	0
NW_022145191.1	3747	57	0.02	0	2
NW_022145191.1_region	0	0	0.00	0	0
NW_022145193.1	3705	27	0.01	0	1
NW_022145193.1_region	0	0	0.00	0	0
NW_022145194.1	44435	90774	2.04	0	244
NW_022145194.1_region	0	0	0.00	0	0
NW_022145195.1	3675	58	0.02	0	2
NW_022145195.1_region	0	0	0.00	0	0
NW_022145196.1	3656	297	0.08	0	5
NW_022145196.1_region	0	0	0.00	0	0
NW_022145197.1	3591	68	0.02	0	2
NW_022145197.1_region	0	0	0.00	0	0
NW_022145198.1	3572	38	0.01	0	2
NW_022145198.1_region	0	0	0.00	0	0
NW_022145199.1	3560	1896	0.53	0	4
NW_022145199.1_region	0	0	0.00	0	0
NW_022145200.1	3523	0	0.00	0	0
NW_022145200.1_region	0	0	0.00	0	0
NW_022145202.1	3511	240	0.07	0	1
NW_022145202.1_region	0	0	0.00	0	0
NW_022145203.1	3498	79	0.02	0	4
NW_022145203.1_region	0	0	0.00	0	0
NW_022145204.1	3481	35	0.01	0	1
NW_022145204.1_region	881	35	0.04	0	1
NW_022145205.1	79806	521229	6.53	0	270
NW_022145205.1_region	0	0	0.00	0	0
NW_022145207.1	3398	6192	1.82	0	13
NW_022145207.1_region	0	0	0.00	0	0
NW_022145208.1	3377	42	0.01	0	2
NW_022145208.1_region	0	0	0.00	0	0
NW_022145209.1	3370	5186	1.54	0	9
NW_022145209.1_region	0	0	0.00	0	0
NW_022145211.1	3352	21	0.01	0	1
NW_022145211.1_region	259	0	0.00	0	0
NW_022145212.1	3330	5253	1.58	0	7
NW_022145212.1_region	0	0	0.00	0	0
NW_022145213.1	3323	28139	8.47	0	21
NW_022145213.1_region	0	0	0.00	0	0
NW_022145214.1	3314	4059	1.22	0	8
NW_022145214.1_region	0	0	0.00	0	0
NW_022145215.1	3309	22	0.01	0	1
NW_022145215.1_region	0	0	0.00	0	0
NW_022145216.1	46122	337303	7.31	0	211
NW_022145216.1_region	0	0	0.00	0	0
NW_022145218.1	3258	24	0.01	0	1
NW_022145218.1_region	0	0	0.00	0	0
NW_022145219.1	3240	20	0.01	0	1
NW_022145219.1_region	0	0	0.00	0	0
NW_022145220.1	3239	3317	1.02	0	12
NW_022145220.1_region	0	0	0.00	0	0
NW_022145221.1	3235	6199	1.92	0	14
NW_022145221.1_region	0	0	0.00	0	0
NW_022145222.1	3233	8646	2.67	0	16
NW_022145222.1_region	0	0	0.00	0	0
NW_022145223.1	3216	40	0.01	0	2
NW_022145223.1_region	0	0	0.00	0	0
NW_022145224.1	3205	9651	3.01	0	13
NW_022145224.1_region	0	0	0.00	0	0
NW_022145226.1	3194	22	0.01	0	1
NW_022145226.1_region	0	0	0.00	0	0
NW_022145227.1	47480	115330	2.43	0	131
NW_022145227.1_region	0	0	0.00	0	0
NW_022145228.1	3187	22195	6.96	0	27
NW_022145228.1_region	603	7999	13.27	0	27
NW_022145229.1	3176	48	0.02	0	1
NW_022145229.1_region	0	0	0.00	0	0
NW_022145230.1	3167	8103	2.56	0	19
NW_022145230.1_region	0	0	0.00	0	0
NW_022145231.1	3161	42	0.01	0	2
NW_022145231.1_region	0	0	0.00	0	0
NW_022145233.1	3154	17839	5.66	0	103
NW_022145233.1_region	0	0	0.00	0	0
NW_022145235.1	3124	6783	2.17	0	22
NW_022145235.1_region	0	0	0.00	0	0
NW_022145236.1	3116	19	0.01	0	1
NW_022145236.1_region	0	0	0.00	0	0
NW_022145237.1	3114	5720	1.84	0	21
NW_022145237.1_region	0	0	0.00	0	0
NW_022145238.1	45709	142849	3.13	0	234
NW_022145238.1_region	0	0	0.00	0	0
NW_022145240.1	3085	70	0.02	0	2
NW_022145240.1_region	0	0	0.00	0	0
NW_022145241.1	3074	11115	3.62	0	99
NW_022145241.1_region	0	0	0.00	0	0
NW_022145242.1	3062	38	0.01	0	2
NW_022145242.1_region	0	0	0.00	0	0
NW_022145244.1	3045	59	0.02	0	1
NW_022145244.1_region	0	0	0.00	0	0
NW_022145245.1	3020	57	0.02	0	2
NW_022145245.1_region	0	0	0.00	0	0
NW_022145247.1	2958	3497	1.18	0	8
NW_022145247.1_region	0	0	0.00	0	0
NW_022145249.1	29338	93924	3.20	0	293
NW_022145249.1_region	0	0	0.00	0	0
NW_022145250.1	2946	21	0.01	0	1
NW_022145250.1_region	0	0	0.00	0	0
NW_022145251.1	2939	12513	4.26	0	21
NW_022145251.1_region	0	0	0.00	0	0
NW_022145253.1	2889	6699	2.32	0	8
NW_022145253.1_region	0	0	0.00	0	0
NW_022145254.1	2888	22	0.01	0	1
NW_022145254.1_region	0	0	0.00	0	0
NW_022145255.1	2888	6592	2.28	0	13
NW_022145255.1_region	0	0	0.00	0	0
NW_022145256.1	2876	8885	3.09	0	15
NW_022145256.1_region	0	0	0.00	0	0
NW_022145259.1	1344	3796	2.82	0	34
NW_022145259.1_region	0	0	0.00	0	0
NW_022145260.1	47144	37357	0.79	0	94
NW_022145260.1_region	0	0	0.00	0	0
NW_022145262.1	2822	40	0.01	0	2
NW_022145262.1_region	0	0	0.00	0	0
NW_022145267.1	2749	12198	4.44	0	30
NW_022145267.1_region	0	0	0.00	0	0
NW_022145268.1	2741	36	0.01	0	1
NW_022145268.1_region	0	0	0.00	0	0
NW_022145271.1	63049	38065	0.60	0	52
NW_022145271.1_region	0	0	0.00	0	0
NW_022145274.1	868	0	0.00	0	0
NW_022145274.1_region	0	0	0.00	0	0
NW_022145276.1	2639	19	0.01	0	1
NW_022145276.1_region	0	0	0.00	0	0
NW_022145280.1	2578	9608	3.73	0	64
NW_022145280.1_region	0	0	0.00	0	0
NW_022145281.1	2532	40	0.02	0	2
NW_022145281.1_region	0	0	0.00	0	0
NW_022145282.1	32392	2317365	71.54	0	5507
NW_022145282.1_region	0	0	0.00	0	0
NW_022145283.1	2515	1927	0.77	0	5
NW_022145283.1_region	0	0	0.00	0	0
NW_022145284.1	2502	42	0.02	0	2
NW_022145284.1_region	0	0	0.00	0	0
NW_022145285.1	2496	2180	0.87	0	10
NW_022145285.1_region	0	0	0.00	0	0
NW_022145286.1	2435	6490	2.67	0	17
NW_022145286.1_region	0	0	0.00	0	0
NW_022145288.1	2392	1608	0.67	0	9
NW_022145288.1_region	0	0	0.00	0	0
NW_022145289.1	2386	193	0.08	0	1
NW_022145289.1_region	0	0	0.00	0	0
NW_022145291.1	2256	82	0.04	0	2
NW_022145291.1_region	0	0	0.00	0	0
NW_022145293.1	59163	1460593	24.69	0	2787
NW_022145293.1_region	0	0	0.00	0	0
NW_022145295.1	2226	496	0.22	0	12
NW_022145295.1_region	0	0	0.00	0	0
NW_022145297.1	2217	16642	7.51	0	51
NW_022145297.1_region	0	0	0.00	0	0
NW_022145298.1	2213	38	0.02	0	2
NW_022145298.1_region	0	0	0.00	0	0
NW_022145300.1	2175	27	0.01	0	1
NW_022145300.1_region	0	0	0.00	0	0
NW_022145301.1	2168	2216	1.02	0	10
NW_022145301.1_region	0	0	0.00	0	0
NW_022145302.1	2157	22972	10.65	0	51
NW_022145302.1_region	0	0	0.00	0	0
NW_022145303.1	2145	127	0.06	0	4
NW_022145303.1_region	0	0	0.00	0	0
NW_022145304.1	32983	5255	0.16	0	5
NW_022145304.1_region	0	0	0.00	0	0
NW_022145308.1	2118	104	0.05	0	3
NW_022145308.1_region	306	0	0.00	0	0
NW_022145309.1	2105	24	0.01	0	1
NW_022145309.1_region	0	0	0.00	0	0
NW_022145310.1	2099	69	0.03	0	2
NW_022145310.1_region	0	0	0.00	0	0
NW_022145311.1	2070	1258	0.61	0	11
NW_022145311.1_region	0	0	0.00	0	0
NW_022145312.1	2062	4443	2.15	0	16
NW_022145312.1_region	0	0	0.00	0	0
NW_022145315.1	56963	62019	1.09	0	172
NW_022145315.1_region	0	0	0.00	0	0
NW_022145317.1	2026	199	0.10	0	5
NW_022145317.1_region	0	0	0.00	0	0
NW_022145318.1	1994	2812	1.41	0	13
NW_022145318.1_region	0	0	0.00	0	0
NW_022145319.1	1994	2596	1.30	0	16
NW_022145319.1_region	0	0	0.00	0	0
NW_022145320.1	1992	38	0.02	0	2
NW_022145320.1_region	0	0	0.00	0	0
NW_022145322.1	1981	40	0.02	0	2
NW_022145322.1_region	0	0	0.00	0	0
NW_022145323.1	1965	2433	1.24	0	5
NW_022145323.1_region	0	0	0.00	0	0
NW_022145324.1	1960	1316	0.67	0	4
NW_022145324.1_region	329	455	1.38	0	4
NW_022145326.1	57626	16848	0.29	0	17
NW_022145326.1_region	0	0	0.00	0	0
NW_022145327.1	1943	457	0.24	0	3
NW_022145327.1_region	0	0	0.00	0	0
NW_022145329.1	1929	942	0.49	0	4
NW_022145329.1_region	0	0	0.00	0	0
NW_022145330.1	1926	21	0.01	0	1
NW_022145330.1_region	0	0	0.00	0	0
NW_022145331.1	1861	5463	2.94	0	11
NW_022145331.1_region	0	0	0.00	0	0
NW_022145332.1	1839	6000	3.26	0	33
NW_022145332.1_region	0	0	0.00	0	0
NW_022145333.1	1835	185	0.10	0	5
NW_022145333.1_region	0	0	0.00	0	0
NW_022145335.1	1806	10311	5.71	0	18
NW_022145335.1_region	0	0	0.00	0	0
NW_022145336.1	1754	2791	1.59	0	9
NW_022145336.1_region	0	0	0.00	0	0
NW_022145337.1	54544	118788	2.18	0	270
NW_022145337.1_region	0	0	0.00	0	0
NW_022145345.1	1540	3299	2.14	0	10
NW_022145345.1_region	0	0	0.00	0	0
NW_022145346.1	1528	1391	0.91	0	7
NW_022145346.1_region	0	0	0.00	0	0
NW_022145347.1	1523	9766	6.41	0	29
NW_022145347.1_region	0	0	0.00	0	0
NW_022145348.1	76140	78433	1.03	0	125
NW_022145348.1_region	0	0	0.00	0	0
NW_022145349.1	1511	5259	3.48	0	24
NW_022145349.1_region	0	0	0.00	0	0
NW_022145350.1	1492	60	0.04	0	2
NW_022145350.1_region	0	0	0.00	0	0
NW_022145351.1	1491	23	0.02	0	1
NW_022145351.1_region	0	0	0.00	0	0
NW_022145352.1	1490	38	0.03	0	2
NW_022145352.1_region	0	0	0.00	0	0
NW_022145354.1	1479	23	0.02	0	1
NW_022145354.1_region	0	0	0.00	0	0
NW_022145357.1	1387	21	0.02	0	1
NW_022145357.1_region	0	0	0.00	0	0
NW_022145358.1	1384	292	0.21	0	2
NW_022145358.1_region	0	0	0.00	0	0
NW_022145359.1	60007	188864	3.15	0	274
NW_022145359.1_region	0	0	0.00	0	0
NW_022145360.1	1362	3018	2.22	0	9
NW_022145360.1_region	0	0	0.00	0	0
NW_022145363.1	1277	2758	2.16	0	9
NW_022145363.1_region	0	0	0.00	0	0
NW_022145365.1	1255	1483	1.18	0	4
NW_022145365.1_region	0	0	0.00	0	0
NW_022145366.1	1254	1670	1.33	0	4
NW_022145366.1_region	0	0	0.00	0	0
NW_022145368.1	1142	73	0.06	0	1
NW_022145368.1_region	0	0	0.00	0	0
NW_022145369.1	1099	5797	5.27	0	15
NW_022145369.1_region	0	0	0.00	0	0
NW_022145370.1	74314	13487	0.18	0	17
NW_022145370.1_region	0	0	0.00	0	0
NW_022145371.1	1072	774	0.72	0	5
NW_022145371.1_region	0	0	0.00	0	0
NW_022145372.1	1035	2394	2.31	0	8
NW_022145372.1_region	0	0	0.00	0	0
NW_022145373.1	1007	818	0.81	0	5
NW_022145373.1_region	0	0	0.00	0	0
NW_022145374.1	1000	871	0.87	0	4
NW_022145374.1_region	0	0	0.00	0	0
NW_022145375.1	10000	10834	1.08	0	20
NW_022145375.1_region	0	0	0.00	0	0
NW_022145376.1	25000	315598	12.62	0	64
NW_022145376.1_region	1591	19570	12.30	0	35
NW_022145377.1	50000	230753	4.62	0	63
NW_022145377.1_region	612	6191	10.12	0	34
NW_022145378.1	26863	540	0.02	0	4
NW_022145378.1_region	0	0	0.00	0	0
NW_022145379.1	23852	342	0.01	0	4
NW_022145379.1_region	1275	0	0.00	0	0
NW_022145380.1	23611	61	0.00	0	2
NW_022145380.1_region	1430	0	0.00	0	0
NW_022145381.1	55218	68743	1.24	0	19
NW_022145381.1_region	0	0	0.00	0	0
NW_022145382.1	23435	224	0.01	0	2
NW_022145382.1_region	0	0	0.00	0	0
NW_022145383.1	21401	99	0.00	0	2
NW_022145383.1_region	0	0	0.00	0	0
NW_022145384.1	19291	763	0.04	0	20
NW_022145384.1_region	0	0	0.00	0	0
NW_022145385.1	18791	225	0.01	0	2
NW_022145385.1_region	0	0	0.00	0	0
NW_022145386.1	18617	78	0.00	0	2
NW_022145386.1_region	0	0	0.00	0	0
NW_022145387.1	17981	207	0.01	0	3
NW_022145387.1_region	0	0	0.00	0	0
NW_022145388.1	17946	147	0.01	0	2
NW_022145388.1_region	0	0	0.00	0	0
NW_022145389.1	17857	214	0.01	0	3
NW_022145389.1_region	0	0	0.00	0	0
NW_022145390.1	21857	542	0.02	0	10
NW_022145390.1_region	589	0	0.00	0	0
NW_022145391.1	33930	432	0.01	0	4
NW_022145391.1_region	0	0	0.00	0	0
NW_022145392.1	88843	135522	1.53	0	316
NW_022145392.1_region	0	0	0.00	0	0
NW_022145393.1	22373	387	0.02	0	6
NW_022145393.1_region	0	0	0.00	0	0
NW_022145394.1	20846	303	0.01	0	4
NW_022145394.1_region	0	0	0.00	0	0
NW_022145395.1	18089	308	0.02	0	9
NW_022145395.1_region	1125	0	0.00	0	0
NW_022145396.1	15624	462	0.03	0	12
NW_022145396.1_region	0	0	0.00	0	0
NW_022145397.1	15314	343	0.02	0	5
NW_022145397.1_region	3172	30	0.01	0	2
NW_022145398.1	146455	14440	0.10	0	12
NW_022145398.1_region	0	0	0.00	0	0
NW_022145399.1	17799	155	0.01	0	4
NW_022145399.1_region	0	0	0.00	0	0
NW_022145400.1	17257	210	0.01	0	5
NW_022145400.1_region	1338	0	0.00	0	0
NW_022145401.1	16486	573	0.03	0	7
NW_022145401.1_region	573	0	0.00	0	0
NW_022145402.1	15178	517	0.03	0	8
NW_022145402.1_region	0	0	0.00	0	0
NW_022145403.1	45037	18667	0.41	0	66
NW_022145403.1_region	0	0	0.00	0	0
NW_022145404.1	57045	341	0.01	0	4
NW_022145404.1_region	0	0	0.00	0	0
NW_022145405.1	22053	226	0.01	0	4
NW_022145405.1_region	0	0	0.00	0	0
NW_022145406.1	43925	30910	0.70	0	116
NW_022145406.1_region	0	0	0.00	0	0
NW_022145407.1	24217	2111	0.09	0	36
NW_022145407.1_region	5022	0	0.00	0	0
NW_022145408.1	16015	1752	0.11	0	59
NW_022145408.1_region	0	0	0.00	0	0
NW_022145409.1	71395	15559	0.22	0	11
NW_022145409.1_region	0	0	0.00	0	0
NW_022145410.1	73525	757333	10.30	0	1226
NW_022145410.1_region	0	0	0.00	0	0
NW_022145411.1	16065	552	0.03	0	13
NW_022145411.1_region	740	0	0.00	0	0
NW_022145412.1	20205	193	0.01	0	2
NW_022145412.1_region	0	0	0.00	0	0
NW_022145413.1	31795	1859	0.06	0	4
NW_022145413.1_region	0	0	0.00	0	0
NW_022145414.1	15341	240	0.02	0	4
NW_022145414.1_region	0	0	0.00	0	0
NW_022145415.1	60355	41644	0.69	0	30
NW_022145415.1_region	0	0	0.00	0	0
NW_022145416.1	16986	994	0.06	0	9
NW_022145416.1_region	1207	0	0.00	0	0
NW_022145417.1	51512	35791	0.69	0	177
NW_022145417.1_region	0	0	0.00	0	0
NW_022145418.1	17001	347	0.02	0	5
NW_022145418.1_region	0	0	0.00	0	0
NW_022145419.1	67720	278561	4.11	0	68
NW_022145419.1_region	2640	34756	13.17	0	54
NW_022145420.1	35402	159828	4.51	0	397
NW_022145420.1_region	0	0	0.00	0	0
NW_022145421.1	23454	405	0.02	0	8
NW_022145421.1_region	1191	0	0.00	0	0
NW_022145422.1	78273	53377	0.68	0	49
NW_022145422.1_region	0	0	0.00	0	0
NW_022145423.1	126508	314837	2.49	0	1547
NW_022145423.1_region	0	0	0.00	0	0
NW_022145424.1	62776	120191	1.91	0	199
NW_022145424.1_region	0	0	0.00	0	0
NW_022145425.1	30360	33856	1.12	0	91
NW_022145425.1_region	0	0	0.00	0	0
NW_022145426.1	79185	2018637	25.49	0	530
NW_022145426.1_region	0	0	0.00	0	0
NW_022145427.1	152116	2638602	17.35	0	2621
NW_022145427.1_region	10674	204832	19.19	0	48
NW_022145428.1	65691	286530	4.36	0	104
NW_022145428.1_region	0	0	0.00	0	0
NW_022145429.1	66232	359011	5.42	0	466
NW_022145429.1_region	919	2473	2.69	0	11
NW_022145430.1	42199	14180	0.34	0	28
NW_022145430.1_region	0	0	0.00	0	0
NW_022145431.1	56568	207213	3.66	0	107
NW_022145431.1_region	3939	15489	3.93	0	20
NW_022145432.1	111484	329918	2.96	0	594
NW_022145432.1_region	0	0	0.00	0	0
NW_022145433.1	30854	18586	0.60	0	21
NW_022145433.1_region	0	0	0.00	0	0
NW_022145434.1	18775	201	0.01	0	4
NW_022145434.1_region	0	0	0.00	0	0
NW_022145435.1	122365	229875	1.88	0	278
NW_022145435.1_region	0	0	0.00	0	0
NW_022145436.1	31453	497216	15.81	0	1696
NW_022145436.1_region	0	0	0.00	0	0
NW_022145437.1	105348	945715	8.98	0	350
NW_022145437.1_region	1621	69138	42.65	1	81
NW_022145438.1	53375	134040	2.51	0	616
NW_022145438.1_region	0	0	0.00	0	0
NW_022145439.1	77972	216622	2.78	0	202
NW_022145439.1_region	0	0	0.00	0	0
NW_022145440.1	82617	381034	4.61	0	152
NW_022145440.1_region	0	0	0.00	0	0
NW_022145441.1	62133	153989	2.48	0	781
NW_022145441.1_region	0	0	0.00	0	0
NW_022145442.1	41935	13329	0.32	0	31
NW_022145442.1_region	0	0	0.00	0	0
NW_022145443.1	40287	207803	5.16	0	69
NW_022145443.1_region	0	0	0.00	0	0
NW_022145444.1	25197	30375	1.21	0	71
NW_022145444.1_region	0	0	0.00	0	0
NW_022145445.1	64732	6224	0.10	0	12
NW_022145445.1_region	0	0	0.00	0	0
NW_022145446.1	65218	230232	3.53	0	151
NW_022145446.1_region	0	0	0.00	0	0
NW_022145447.1	15922	1583	0.10	0	13
NW_022145447.1_region	0	0	0.00	0	0
NW_022145448.1	107340	129721	1.21	0	162
NW_022145448.1_region	0	0	0.00	0	0
NW_022145449.1	63868	334385	5.24	0	2459
NW_022145449.1_region	0	0	0.00	0	0
NW_022145450.1	33901	619971	18.29	0	1301
NW_022145450.1_region	0	0	0.00	0	0
NW_022145451.1	25217	861984	34.18	0	3814
NW_022145451.1_region	0	0	0.00	0	0
NW_022145452.1	61174	9006	0.15	0	11
NW_022145452.1_region	0	0	0.00	0	0
NW_022145453.1	70260	57504	0.82	0	169
NW_022145453.1_region	0	0	0.00	0	0
NW_022145454.1	46400	99250	2.14	0	216
NW_022145454.1_region	0	0	0.00	0	0
NW_022145455.1	47120	920664	19.54	0	4407
NW_022145455.1_region	0	0	0.00	0	0
NW_022145456.1	130804	1270133	9.71	0	256
NW_022145456.1_region	4653	83591	17.96	0	130
NW_022145457.1	100977	1355902	13.43	0	239
NW_022145457.1_region	6696	138784	20.73	0	84
NW_022145458.1	16456	245	0.01	0	4
NW_022145458.1_region	0	0	0.00	0	0
NW_022145459.1	25000	491200	19.65	0	372
NW_022145459.1_region	0	0	0.00	0	0
NW_022145460.1	50000	596859	11.94	0	137
NW_022145460.1_region	650	16198	24.92	7	42
NW_022145461.1	50000	505411	10.11	0	135
NW_022145461.1_region	3013	45840	15.21	0	79
NW_022145462.1	50000	420653	8.41	0	140
NW_022145462.1_region	8349	109487	13.11	0	115
NW_022145463.1	50000	1440532	28.81	0	827
NW_022145463.1_region	1710	59077	34.55	3	97
NW_022145464.1	50000	839591	16.79	0	333
NW_022145464.1_region	1987	30689	15.44	0	66
NW_022145465.1	15000	159233	10.62	0	74
NW_022145465.1_region	2130	31977	15.01	0	54
NW_022145466.1	5000	1749	0.35	0	11
NW_022145466.1_region	0	0	0.00	0	0
NW_022145467.1	25000	148394	5.94	0	34
NW_022145467.1_region	854	8968	10.50	1	20
NW_022145468.1	25000	530	0.02	0	2
NW_022145468.1_region	0	0	0.00	0	0
NW_022145469.1	86957	53097	0.61	0	48
NW_022145469.1_region	0	0	0.00	0	0
NW_022145470.1	5000	13157	2.63	0	31
NW_022145470.1_region	0	0	0.00	0	0
NW_022145471.1	25000	435746	17.43	0	293
NW_022145471.1_region	0	0	0.00	0	0
NW_022145472.1	25000	152495	6.10	0	109
NW_022145472.1_region	0	0	0.00	0	0
NW_022145473.1	25000	40743	1.63	0	23
NW_022145473.1_region	0	0	0.00	0	0
NW_022145474.1	25000	308635	12.35	0	635
NW_022145474.1_region	4583	22473	4.90	0	112
NW_022145476.1	50000	428769	8.58	0	553
NW_022145476.1_region	5958	14843	2.49	0	9
NW_022145477.1	25000	143897	5.76	0	116
NW_022145477.1_region	1769	16129	9.12	0	90
NW_022145478.1	50000	192101	3.84	0	145
NW_022145478.1_region	1912	32942	17.23	7	30
NW_022145479.1	5000	32253	6.45	0	62
NW_022145479.1_region	0	0	0.00	0	0
NW_022145480.1	15847	291	0.02	0	4
NW_022145480.1_region	0	0	0.00	0	0
NW_022145481.1	25000	121647	4.87	0	37
NW_022145481.1_region	1828	17897	9.79	0	28
NW_022145482.1	25000	135912	5.44	0	73
NW_022145482.1_region	6670	21452	3.22	0	19
NW_022145483.1	25000	91467	3.66	0	72
NW_022145483.1_region	0	0	0.00	0	0
NW_022145484.1	5000	3959	0.79	0	14
NW_022145484.1_region	1920	2219	1.16	0	14
NW_022145485.1	5000	315454	63.09	0	1039
NW_022145485.1_region	0	0	0.00	0	0
NW_022145486.1	5000	21323	4.26	0	42
NW_022145486.1_region	0	0	0.00	0	0
NW_022145487.1	50000	353021	7.06	0	250
NW_022145487.1_region	5526	49919	9.03	0	29
NW_022145488.1	40000	149667	3.74	0	738
NW_022145488.1_region	0	0	0.00	0	0
NW_022145489.1	25000	211671	8.47	0	172
NW_022145489.1_region	4981	72191	14.49	0	45
NW_022145490.1	50000	339561	6.79	0	167
NW_022145490.1_region	0	0	0.00	0	0
NW_022145491.1	115136	122058	1.06	0	410
NW_022145491.1_region	0	0	0.00	0	0
NW_022145492.1	50000	429061	8.58	0	701
NW_022145492.1_region	538	3261	6.06	0	27
NW_022145493.1	50000	604653	12.09	0	201
NW_022145493.1_region	1727	18862	10.92	0	28
NW_022145494.1	25000	171668	6.87	0	81
NW_022145494.1_region	0	0	0.00	0	0
NW_022145495.1	50000	352294	7.05	0	181
NW_022145495.1_region	0	0	0.00	0	0
NW_022145496.1	25000	434763	17.39	0	252
NW_022145496.1_region	3257	69205	21.25	0	75
NW_022145497.1	25000	82202	3.29	0	89
NW_022145497.1_region	0	0	0.00	0	0
NW_022145498.1	25000	224528	8.98	0	55
NW_022145498.1_region	2020	30275	14.99	0	35
NW_022145499.1	50000	1115126	22.30	0	266
NW_022145499.1_region	2727	93545	34.30	0	160
NW_022145500.1	25000	138447	5.54	0	50
NW_022145500.1_region	0	0	0.00	0	0
NW_022145501.1	25000	686509	27.46	0	557
NW_022145501.1_region	0	0	0.00	0	0
NW_022145502.1	61323	4064	0.07	0	25
NW_022145502.1_region	0	0	0.00	0	0
NW_022145503.1	25000	171492	6.86	0	176
NW_022145503.1_region	0	0	0.00	0	0
NW_022145504.1	25000	99899	4.00	0	55
NW_022145504.1_region	818	8480	10.37	0	23
NW_022145505.1	25000	964662	38.59	0	1225
NW_022145505.1_region	0	0	0.00	0	0
NW_022145506.1	50000	231412	4.63	0	158
NW_022145506.1_region	5037	20539	4.08	0	20
NW_022145507.1	240000	1328288	5.53	0	214
NW_022145507.1_region	27118	191784	7.07	0	126
NW_022145508.1	256744	471805	1.84	0	224
NW_022145508.1_region	10955	109637	10.01	0	135
NW_022145509.1	50000	458525	9.17	0	69
NW_022145509.1_region	5447	87068	15.98	0	31
NW_022145510.1	50000	365850	7.32	0	161
NW_022145510.1_region	4232	80529	19.03	3	62
NW_022145511.1	125000	620466	4.96	0	136
NW_022145511.1_region	956	16730	17.50	1	30
NW_022145512.1	264514	4787074	18.10	0	5354
NW_022145512.1_region	12524	141146	11.27	0	48
NW_022145513.1	15455	100	0.01	0	2
NW_022145513.1_region	0	0	0.00	0	0
NW_022145514.1	1221726	10665347	8.73	0	424
NW_022145514.1_region	109282	1155984	10.58	0	92
NW_022145515.1	446053	3447467	7.73	0	251
NW_022145515.1_region	26078	212617	8.15	0	64
NW_022145516.1	1773824	18479710	10.42	0	567
NW_022145516.1_region	80432	993191	12.35	0	192
NW_022145517.1	410634	2974062	7.24	0	270
NW_022145517.1_region	36382	364866	10.03	0	125
NW_022145518.1	296294	1502525	5.07	0	189
NW_022145518.1_region	33611	292105	8.69	0	49
NW_022145519.1	501666	5008599	9.98	0	952
NW_022145519.1_region	63098	799697	12.67	0	755
NW_022145520.1	2604766	20537660	7.88	0	1236
NW_022145520.1_region	212256	1913681	9.02	0	98
NW_022145521.1	834627	7088425	8.49	0	497
NW_022145521.1_region	62510	576062	9.22	0	112
NW_022145522.1	601000	4978846	8.28	0	1175
NW_022145522.1_region	57876	396388	6.85	0	128
NW_022145523.1	367191	2586086	7.04	0	211
NW_022145523.1_region	27941	242319	8.67	0	76
NW_022145524.1	25673	724	0.03	0	7
NW_022145524.1_region	1236	0	0.00	0	0
NW_022145525.1	496028	5696826	11.48	0	378
NW_022145525.1_region	64256	911065	14.18	0	378
NW_022145526.1	2368880	28599791	12.07	0	722
NW_022145526.1_region	177085	2468038	13.94	0	256
NW_022145527.1	766201	6899033	9.00	0	440
NW_022145527.1_region	97046	982490	10.12	0	106
NW_022145528.1	991221	8051428	8.12	0	669
NW_022145528.1_region	65731	809583	12.32	0	462
NW_022145529.1	437458	4714289	10.78	0	3960
NW_022145529.1_region	31770	476165	14.99	0	1535
NW_022145530.1	684040	5649749	8.26	0	526
NW_022145530.1_region	68328	706980	10.35	0	127
NW_022145531.1	219183	2784157	12.70	0	382
NW_022145531.1_region	23455	383516	16.35	0	78
NW_022145532.1	1289379	9319245	7.23	0	431
NW_022145532.1_region	144914	1079008	7.45	0	56
NW_022145533.1	364073	3182149	8.74	0	248
NW_022145533.1_region	43169	422385	9.78	0	118
NW_022145534.1	1128541	8956089	7.94	0	402
NW_022145534.1_region	98475	869776	8.83	0	62
NW_022145535.1	17605	150	0.01	0	2
NW_022145535.1_region	0	0	0.00	0	0
NW_022145536.1	139137	703043	5.05	0	100
NW_022145536.1_region	8764	85669	9.78	0	30
NW_022145537.1	426703	4436789	10.40	0	701
NW_022145537.1_region	41974	528683	12.60	0	218
NW_022145538.1	583819	4768821	8.17	0	446
NW_022145538.1_region	59943	483255	8.06	0	171
NW_022145539.1	1685109	16426779	9.75	0	814
NW_022145539.1_region	134438	1431467	10.65	0	181
NW_022145540.1	549706	4405568	8.01	0	284
NW_022145540.1_region	89642	808846	9.02	0	116
NW_022145541.1	1073309	12519239	11.66	0	1420
NW_022145541.1_region	80966	961415	11.87	0	180
NW_022145542.1	1383299	11258175	8.14	0	542
NW_022145542.1_region	137462	1280782	9.32	0	72
NW_022145543.1	1596249	12658903	7.93	0	403
NW_022145543.1_region	159260	1494291	9.38	0	403
NW_022145544.1	2048326	15568248	7.60	0	706
NW_022145544.1_region	218318	2033852	9.32	0	172
NW_022145545.1	1678063	13863178	8.26	0	493
NW_022145545.1_region	224261	2018224	9.00	0	150
NW_022145546.1	53450	2236	0.04	0	17
NW_022145546.1_region	0	0	0.00	0	0
NW_022145547.1	2234538	19302098	8.64	0	2544
NW_022145547.1_region	219929	1852348	8.42	0	182
NW_022145548.1	722242	7564749	10.47	0	705
NW_022145548.1_region	64020	656182	10.25	0	107
NW_022145549.1	1791521	16227105	9.06	0	2003
NW_022145549.1_region	126550	1139698	9.01	0	283
NW_022145550.1	1496376	13836476	9.25	0	439
NW_022145550.1_region	125726	1423009	11.32	0	125
NW_022145551.1	2795456	28044939	10.03	0	868
NW_022145551.1_region	254034	2941537	11.58	0	192
NW_022145552.1	2303257	25757987	11.18	0	2618
NW_022145552.1_region	247523	2712797	10.96	0	877
NW_022145553.1	1021577	7600101	7.44	0	485
NW_022145553.1_region	75587	645655	8.54	0	111
NW_022145554.1	2052140	18524475	9.03	0	548
NW_022145554.1_region	246764	2712470	10.99	0	261
NW_022145555.1	898903	9336050	10.39	0	679
NW_022145555.1_region	89441	1089817	12.18	0	135
NW_022145556.1	638884	5463444	8.55	0	388
NW_022145556.1_region	7919	478330	60.40	0	191
NW_022145557.1	22264	126	0.01	0	3
NW_022145557.1_region	840	0	0.00	0	0
NW_022145558.1	2570869	24579539	9.56	0	3961
NW_022145558.1_region	200527	2072622	10.34	0	460
NW_022145559.1	1083236	14123962	13.04	0	1624
NW_022145559.1_region	88119	1607279	18.24	0	365
NW_022145560.1	1242028	10859713	8.74	0	666
NW_022145560.1_region	124116	1157435	9.33	0	207
NW_022145561.1	1175743	10280561	8.74	0	682
NW_022145561.1_region	103482	2397116	23.16	0	542
NW_022145562.1	889695	7465238	8.39	0	741
NW_022145562.1_region	54539	418552	7.67	0	62
NW_022145563.1	1261903	12791788	10.14	0	985
NW_022145563.1_region	137111	1292193	9.42	0	422
NW_022145564.1	710235	5765697	8.12	0	312
NW_022145564.1_region	28828	454007	15.75	0	132
NW_022145565.1	722416	5717122	7.91	0	460
NW_022145565.1_region	75245	691378	9.19	0	323
NW_022145566.1	3042594	26503845	8.71	0	1377
NW_022145566.1_region	348059	3063968	8.80	0	132
NW_022145567.1	781304	7127313	9.12	0	6395
NW_022145567.1_region	70878	461148	6.51	0	96
NW_022145568.1	22583	466	0.02	0	12
NW_022145568.1_region	0	0	0.00	0	0
NW_022145569.1	494736	4126214	8.34	0	550
NW_022145569.1_region	33337	253107	7.59	0	67
NW_022145570.1	4944709	45501006	9.20	0	1683
NW_022145570.1_region	427930	4781439	11.17	0	245
NW_022145571.1	1505274	12780326	8.49	0	3170
NW_022145571.1_region	141637	1241789	8.77	0	133
NW_022145572.1	1505788	10784601	7.16	0	574
NW_022145572.1_region	118078	1082316	9.17	0	147
NW_022145573.1	529305	4719088	8.92	0	1652
NW_022145573.1_region	45206	452020	10.00	0	130
NW_022145574.1	1404637	12667575	9.02	0	472
NW_022145574.1_region	140119	1362165	9.72	0	100
NW_022145575.1	3300603	30650115	9.29	0	2012
NW_022145575.1_region	262357	2345220	8.94	0	163
NW_022145576.1	2906720	29858814	10.27	0	19824
NW_022145576.1_region	257482	2922362	11.35	0	142
NW_022145577.1	252291	2296568	9.10	0	305
NW_022145577.1_region	25499	186962	7.33	0	42
NW_022145578.1	630834	4538480	7.19	0	414
NW_022145578.1_region	79747	1020348	12.79	0	269
NW_022145579.1	83414	86206	1.03	0	114
NW_022145579.1_region	0	0	0.00	0	0
NW_022145580.1	1039218	9727453	9.36	0	605
NW_022145580.1_region	107627	1047493	9.73	0	104
NW_022145581.1	427848	3004078	7.02	0	340
NW_022145581.1_region	47943	502622	10.48	0	140
NW_022145582.1	15763	118	0.01	0	4
NW_022145582.1_region	1211	48	0.04	0	4
NW_022145583.1	16615	80	0.00	0	2
NW_022145583.1_region	860	0	0.00	0	0
NW_022145584.1	16732	87	0.01	0	2
NW_022145584.1_region	702	0	0.00	0	0
NW_022145585.1	21525	814	0.04	0	7
NW_022145585.1_region	0	0	0.00	0	0
NW_022145586.1	22644	179	0.01	0	3
NW_022145586.1_region	0	0	0.00	0	0
NW_022145587.1	22806	150	0.01	0	2
NW_022145587.1_region	2589	0	0.00	0	0
NW_022145588.1	61109	139	0.00	0	2
NW_022145588.1_region	0	0	0.00	0	0
NW_022145589.1	111277	1635	0.01	0	6
NW_022145589.1_region	0	0	0.00	0	0
NW_022145591.1	92921	22389	0.24	0	24
NW_022145591.1_region	0	0	0.00	0	0
NW_022145592.1	82943	114	0.00	0	4
NW_022145592.1_region	0	0	0.00	0	0
NW_022145594.1	53101916	678459828	12.78	0	8841
NW_022145594.1_region	3518700	57963884	16.47	0	892
NW_022145595.1	29984350	377328876	12.58	0	11481
NW_022145595.1_region	2698509	46967175	17.40	0	850
NW_022145596.1	33320444	381265785	11.44	0	4892
NW_022145596.1_region	3291199	45730773	13.89	0	2985
NW_022145597.1	34141700	467499999	13.69	0	6229
NW_022145597.1_region	3034785	57793382	19.04	0	3806
NW_022145598.1	37305039	434696906	11.65	0	4287
NW_022145598.1_region	2728783	40210257	14.74	0	379
NW_022145599.1	37767046	454397832	12.03	0	19474
NW_022145599.1_region	3894798	60403231	15.51	0	574
NW_022145600.1	37282239	430989921	11.56	0	2920
NW_022145600.1_region	3441413	50487863	14.67	0	843
NW_022145601.1	35007347	437032303	12.48	0	6280
NW_022145601.1_region	3029754	46704006	15.42	0	462
NW_022145602.1	30021120	357223488	11.90	0	13584
NW_022145602.1_region	2255655	35228544	15.62	0	3095
NW_022145603.1	34285068	475463551	13.87	0	18765
NW_022145603.1_region	2227231	36528427	16.40	0	1549
NW_022145604.1	33742549	410200052	12.16	0	2509
NW_022145604.1_region	2908891	43586387	14.98	0	525
NW_022145605.1	42589791	511147697	12.00	0	3402
NW_022145605.1_region	4109591	59955204	14.59	0	510
NW_022145606.1	52437917	749831533	14.30	0	59197
NW_022145606.1_region	3179802	53001281	16.67	0	1062
NW_022145607.1	45798072	525421109	11.47	0	5255
NW_022145607.1_region	3702770	61331104	16.56	0	3882
NW_022145608.1	80573	211730	2.63	0	272
NW_022145608.1_region	446	5190	11.64	0	22
NW_022145609.1	39838600	474605588	11.91	0	4740
NW_022145609.1_region	3533833	53958753	15.27	0	963
NW_022145610.1	35917773	431116264	12.00	0	15941
NW_022145610.1_region	3191992	50368445	15.78	0	523
NW_022145611.1	45225044	557452448	12.33	0	36790
NW_022145611.1_region	5090928	73741201	14.48	0	733
NW_022145612.1	62154208	723473678	11.64	0	6655
NW_022145612.1_region	7644422	107959242	14.12	0	4217
NW_022145613.1	39667378	489400144	12.34	0	2471
NW_022145613.1_region	4227065	66810328	15.81	0	1209
NW_022145614.1	33637615	425526240	12.65	0	3292
NW_022145614.1_region	3698046	55940014	15.13	0	457
NW_022145615.1	35239632	432304579	12.27	0	15403
NW_022145615.1_region	3497029	53842203	15.40	0	6916
NC_001453.1	15650	2361448	150.89	0	249
NC_001453.1_region	0	0	0.00	0	0
total	920666101	10994646244	11.94	0	59197
total_region	82275699	1234478039	15.00	0	6916
