chrom	length	bases	mean	min	max
NW_022144746.1	64836	20	0.00	0	1
NW_022144746.1_region	0	0	0.00	0	0
NW_022144747.1	60028	813	0.01	0	10
NW_022144747.1_region	0	0	0.00	0	0
NW_022144748.1	57988	3910	0.07	0	20
NW_022144748.1_region	939	0	0.00	0	0
NW_022144751.1	44134	4003	0.09	0	10
NW_022144751.1_region	4170	41	0.01	0	2
NW_022144753.1	32290	3953	0.12	0	14
NW_022144753.1_region	819	0	0.00	0	0
NW_022144754.1	30490	472	0.02	0	4
NW_022144754.1_region	0	0	0.00	0	0
NW_022144755.1	29101	4833	0.17	0	24
NW_022144755.1_region	0	0	0.00	0	0
NW_022144756.1	26146	5529	0.21	0	30
NW_022144756.1_region	0	0	0.00	0	0
NW_022144757.1	25658	4250	0.17	0	10
NW_022144757.1_region	2781	66	0.02	0	3
NW_022144758.1	25340	2324	0.09	0	16
NW_022144758.1_region	0	0	0.00	0	0
NW_022144759.1	25179	3773	0.15	0	12
NW_022144759.1_region	8430	803	0.10	0	6
NW_022144760.1	24030	2781	0.12	0	18
NW_022144760.1_region	996	0	0.00	0	0
NW_022144761.1	23711	5076	0.21	0	24
NW_022144761.1_region	0	0	0.00	0	0
NW_022144762.1	23070	14180	0.61	0	574
NW_022144762.1_region	1032	0	0.00	0	0
NW_022144763.1	22953	2327	0.10	0	10
NW_022144763.1_region	2952	0	0.00	0	0
NW_022144764.1	22620	3584	0.16	0	21
NW_022144764.1_region	2640	135	0.05	0	2
NW_022144765.1	22433	532	0.02	0	14
NW_022144765.1_region	11148	76	0.01	0	14
NW_022144766.1	21973	3721	0.17	0	12
NW_022144766.1_region	0	0	0.00	0	0
NW_022144767.1	21667	5099	0.24	0	17
NW_022144767.1_region	0	0	0.00	0	0
NW_022144768.1	21625	5042	0.23	0	80
NW_022144768.1_region	0	0	0.00	0	0
NW_022144769.1	21387	3315	0.16	0	10
NW_022144769.1_region	0	0	0.00	0	0
NW_022144770.1	21139	3057	0.14	0	14
NW_022144770.1_region	3847	148	0.04	0	6
NW_022144771.1	21068	3419	0.16	0	32
NW_022144771.1_region	0	0	0.00	0	0
NW_022144772.1	21005	4532	0.22	0	30
NW_022144772.1_region	0	0	0.00	0	0
NW_022144773.1	20784	2969	0.14	0	10
NW_022144773.1_region	0	0	0.00	0	0
NW_022144774.1	20670	3289	0.16	0	12
NW_022144774.1_region	0	0	0.00	0	0
NW_022144775.1	20129	2802	0.14	0	16
NW_022144775.1_region	0	0	0.00	0	0
NW_022144776.1	19833	3409	0.17	0	12
NW_022144776.1_region	1593	0	0.00	0	0
NW_022144777.1	19372	4904	0.25	0	17
NW_022144777.1_region	0	0	0.00	0	0
NW_022144778.1	19224	2639	0.14	0	12
NW_022144778.1_region	1185	220	0.19	0	10
NW_022144779.1	18924	904	0.05	0	6
NW_022144779.1_region	4515	0	0.00	0	0
NW_022144780.1	18903	2674	0.14	0	16
NW_022144780.1_region	0	0	0.00	0	0
NW_022144781.1	18719	3178	0.17	0	16
NW_022144781.1_region	0	0	0.00	0	0
NW_022144782.1	18716	2823	0.15	0	14
NW_022144782.1_region	0	0	0.00	0	0
NW_022144783.1	18557	2615	0.14	0	10
NW_022144783.1_region	312	0	0.00	0	0
NW_022144784.1	18439	2591	0.14	0	12
NW_022144784.1_region	0	0	0.00	0	0
NW_022144785.1	18330	4245	0.23	0	49
NW_022144785.1_region	0	0	0.00	0	0
NW_022144786.1	18214	2011	0.11	0	14
NW_022144786.1_region	0	0	0.00	0	0
NW_022144787.1	18153	3465	0.19	0	14
NW_022144787.1_region	0	0	0.00	0	0
NW_022144788.1	17951	3862	0.22	0	14
NW_022144788.1_region	0	0	0.00	0	0
NW_022144789.1	17798	4874	0.27	0	24
NW_022144789.1_region	0	0	0.00	0	0
NW_022144790.1	17754	2070	0.12	0	20
NW_022144790.1_region	3724	146	0.04	0	4
NW_022144791.1	17648	2138	0.12	0	8
NW_022144791.1_region	0	0	0.00	0	0
NW_022144792.1	17542	4359	0.25	0	70
NW_022144792.1_region	1403	38	0.03	0	2
NW_022144793.1	17493	2285	0.13	0	10
NW_022144793.1_region	0	0	0.00	0	0
NW_022144794.1	17213	3530	0.21	0	14
NW_022144794.1_region	0	0	0.00	0	0
NW_022144795.1	17172	2183	0.13	0	12
NW_022144795.1_region	0	0	0.00	0	0
NW_022144796.1	17039	4725	0.28	0	10
NW_022144796.1_region	894	0	0.00	0	0
NW_022144797.1	17012	3688	0.22	0	20
NW_022144797.1_region	0	0	0.00	0	0
NW_022144798.1	16271	3433	0.21	0	16
NW_022144798.1_region	0	0	0.00	0	0
NW_022144799.1	16212	4327	0.27	0	85
NW_022144799.1_region	1650	58	0.04	0	2
NW_022144800.1	16196	2011	0.12	0	9
NW_022144800.1_region	0	0	0.00	0	0
NW_022144801.1	16082	5922	0.37	0	54
NW_022144801.1_region	0	0	0.00	0	0
NW_022144802.1	16073	5666	0.35	0	20
NW_022144802.1_region	0	0	0.00	0	0
NW_022144803.1	15882	2731	0.17	0	14
NW_022144803.1_region	0	0	0.00	0	0
NW_022144804.1	15872	2660	0.17	0	10
NW_022144804.1_region	1277	78	0.06	0	2
NW_022144805.1	15755	1587	0.10	0	11
NW_022144805.1_region	0	0	0.00	0	0
NW_022144806.1	15729	3088	0.20	0	10
NW_022144806.1_region	0	0	0.00	0	0
NW_022144807.1	15717	918	0.06	0	6
NW_022144807.1_region	0	0	0.00	0	0
NW_022144808.1	15697	2538	0.16	0	8
NW_022144808.1_region	0	0	0.00	0	0
NW_022144809.1	15254	2728	0.18	0	11
NW_022144809.1_region	624	160	0.26	0	8
NW_022144810.1	15245	2925	0.19	0	14
NW_022144810.1_region	0	0	0.00	0	0
NW_022144811.1	15184	2289	0.15	0	17
NW_022144811.1_region	1176	52	0.04	0	2
NW_022144812.1	15180	3473	0.23	0	29
NW_022144812.1_region	0	0	0.00	0	0
NW_022144813.1	64470	625502	9.70	0	864
NW_022144813.1_region	2668	7403	2.77	0	21
NW_022144814.1	20273	3607	0.18	0	22
NW_022144814.1_region	0	0	0.00	0	0
NW_022144815.1	19793	3791	0.19	0	12
NW_022144815.1_region	0	0	0.00	0	0
NW_022144816.1	18134	2881	0.16	0	10
NW_022144816.1_region	555	0	0.00	0	0
NW_022144817.1	17838	2391	0.13	0	14
NW_022144817.1_region	0	0	0.00	0	0
NW_022144818.1	15663	3598	0.23	0	22
NW_022144818.1_region	0	0	0.00	0	0
NW_022144819.1	25897	222482	8.59	0	215
NW_022144819.1_region	1580	61302	38.80	0	215
NW_022144820.1	14953	2445	0.16	0	14
NW_022144820.1_region	0	0	0.00	0	0
NW_022144821.1	14859	4346	0.29	0	16
NW_022144821.1_region	0	0	0.00	0	0
NW_022144822.1	14838	481	0.03	0	4
NW_022144822.1_region	0	0	0.00	0	0
NW_022144823.1	14815	3970	0.27	0	50
NW_022144823.1_region	0	0	0.00	0	0
NW_022144824.1	14806	4546	0.31	0	18
NW_022144824.1_region	0	0	0.00	0	0
NW_022144825.1	14766	1915	0.13	0	12
NW_022144825.1_region	0	0	0.00	0	0
NW_022144826.1	14747	3056	0.21	0	14
NW_022144826.1_region	0	0	0.00	0	0
NW_022144827.1	14741	2515	0.17	0	10
NW_022144827.1_region	0	0	0.00	0	0
NW_022144828.1	14710	2102	0.14	0	11
NW_022144828.1_region	1104	20	0.02	0	1
NW_022144829.1	14707	3116	0.21	0	44
NW_022144829.1_region	0	0	0.00	0	0
NW_022144830.1	14679	3647	0.25	0	16
NW_022144830.1_region	549	0	0.00	0	0
NW_022144831.1	14604	3234	0.22	0	44
NW_022144831.1_region	0	0	0.00	0	0
NW_022144832.1	14536	2439	0.17	0	10
NW_022144832.1_region	0	0	0.00	0	0
NW_022144833.1	14472	3253	0.22	0	42
NW_022144833.1_region	0	0	0.00	0	0
NW_022144834.1	14424	3368	0.23	0	46
NW_022144834.1_region	0	0	0.00	0	0
NW_022144835.1	14392	76113	5.29	0	162
NW_022144835.1_region	0	0	0.00	0	0
NW_022144836.1	14366	4102	0.29	0	22
NW_022144836.1_region	0	0	0.00	0	0
NW_022144837.1	14316	2368	0.17	0	13
NW_022144837.1_region	474	0	0.00	0	0
NW_022144838.1	14178	3900	0.28	0	18
NW_022144838.1_region	557	24	0.04	0	6
NW_022144839.1	14036	4337	0.31	0	14
NW_022144839.1_region	0	0	0.00	0	0
NW_022144840.1	13984	2067	0.15	0	12
NW_022144840.1_region	0	0	0.00	0	0
NW_022144841.1	13922	2111	0.15	0	16
NW_022144841.1_region	642	0	0.00	0	0
NW_022144842.1	13691	9977	0.73	0	131
NW_022144842.1_region	765	0	0.00	0	0
NW_022144843.1	13690	1935	0.14	0	12
NW_022144843.1_region	825	0	0.00	0	0
NW_022144844.1	13628	1776	0.13	0	9
NW_022144844.1_region	975	84	0.09	0	4
NW_022144845.1	13496	2871	0.21	0	16
NW_022144845.1_region	0	0	0.00	0	0
NW_022144846.1	13451	1711	0.13	0	12
NW_022144846.1_region	0	0	0.00	0	0
NW_022144847.1	13443	3586	0.27	0	13
NW_022144847.1_region	0	0	0.00	0	0
NW_022144848.1	13325	2289	0.17	0	14
NW_022144848.1_region	0	0	0.00	0	0
NW_022144849.1	13232	2733	0.21	0	14
NW_022144849.1_region	501	0	0.00	0	0
NW_022144850.1	13217	968	0.07	0	6
NW_022144850.1_region	0	0	0.00	0	0
NW_022144851.1	13037	2569	0.20	0	15
NW_022144851.1_region	0	0	0.00	0	0
NW_022144852.1	13005	1873	0.14	0	10
NW_022144852.1_region	0	0	0.00	0	0
NW_022144854.1	12677	2111	0.17	0	15
NW_022144854.1_region	0	0	0.00	0	0
NW_022144855.1	12615	1985	0.16	0	13
NW_022144855.1_region	0	0	0.00	0	0
NW_022144856.1	12598	1565	0.12	0	12
NW_022144856.1_region	0	0	0.00	0	0
NW_022144857.1	12436	2401	0.19	0	46
NW_022144857.1_region	0	0	0.00	0	0
NW_022144858.1	12426	1702	0.14	0	8
NW_022144858.1_region	0	0	0.00	0	0
NW_022144859.1	12331	4825	0.39	0	50
NW_022144859.1_region	690	72	0.10	0	4
NW_022144860.1	12325	1906	0.15	0	30
NW_022144860.1_region	0	0	0.00	0	0
NW_022144861.1	12317	2984	0.24	0	12
NW_022144861.1_region	0	0	0.00	0	0
NW_022144862.1	12297	1854	0.15	0	19
NW_022144862.1_region	657	214	0.33	0	10
NW_022144863.1	12291	4044	0.33	0	21
NW_022144863.1_region	0	0	0.00	0	0
NW_022144864.1	12247	3078	0.25	0	13
NW_022144864.1_region	0	0	0.00	0	0
NW_022144865.1	12235	1113	0.09	0	6
NW_022144865.1_region	495	0	0.00	0	0
NW_022144866.1	12202	2940	0.24	0	10
NW_022144866.1_region	0	0	0.00	0	0
NW_022144867.1	12165	1271	0.10	0	7
NW_022144867.1_region	0	0	0.00	0	0
NW_022144868.1	12125	1881	0.16	0	12
NW_022144868.1_region	0	0	0.00	0	0
NW_022144869.1	12087	17663	1.46	0	49
NW_022144869.1_region	0	0	0.00	0	0
NW_022144870.1	11997	2303	0.19	0	9
NW_022144870.1_region	0	0	0.00	0	0
NW_022144871.1	11989	4461	0.37	0	39
NW_022144871.1_region	0	0	0.00	0	0
NW_022144872.1	11899	2352	0.20	0	18
NW_022144872.1_region	0	0	0.00	0	0
NW_022144873.1	11852	2197	0.19	0	18
NW_022144873.1_region	1830	273	0.15	0	7
NW_022144874.1	11838	2317	0.20	0	14
NW_022144874.1_region	0	0	0.00	0	0
NW_022144875.1	11825	1870	0.16	0	15
NW_022144875.1_region	469	38	0.08	0	2
NW_022144876.1	11673	2690	0.23	0	44
NW_022144876.1_region	0	0	0.00	0	0
NW_022144877.1	11635	2644	0.23	0	13
NW_022144877.1_region	0	0	0.00	0	0
NW_022144878.1	11630	1575	0.14	0	13
NW_022144878.1_region	1896	4	0.00	0	4
NW_022144879.1	11539	3636	0.32	0	18
NW_022144879.1_region	0	0	0.00	0	0
NW_022144880.1	11518	3569	0.31	0	20
NW_022144880.1_region	0	0	0.00	0	0
NW_022144881.1	11448	2037	0.18	0	13
NW_022144881.1_region	0	0	0.00	0	0
NW_022144882.1	11400	2925	0.26	0	35
NW_022144882.1_region	0	0	0.00	0	0
NW_022144883.1	11312	2174	0.19	0	8
NW_022144883.1_region	0	0	0.00	0	0
NW_022144884.1	11268	2096	0.19	0	16
NW_022144884.1_region	0	0	0.00	0	0
NW_022144885.1	11127	2695	0.24	0	10
NW_022144885.1_region	0	0	0.00	0	0
NW_022144886.1	74569	245497	3.29	0	716
NW_022144886.1_region	0	0	0.00	0	0
NW_022144887.1	11069	1763	0.16	0	8
NW_022144887.1_region	0	0	0.00	0	0
NW_022144888.1	11058	25570	2.31	0	893
NW_022144888.1_region	0	0	0.00	0	0
NW_022144889.1	11056	2133	0.19	0	14
NW_022144889.1_region	0	0	0.00	0	0
NW_022144890.1	10990	2407	0.22	0	14
NW_022144890.1_region	957	84	0.09	0	14
NW_022144891.1	10968	1897	0.17	0	6
NW_022144891.1_region	0	0	0.00	0	0
NW_022144892.1	10910	1139	0.10	0	10
NW_022144892.1_region	0	0	0.00	0	0
NW_022144893.1	10903	3120	0.29	0	23
NW_022144893.1_region	0	0	0.00	0	0
NW_022144894.1	10814	1833	0.17	0	12
NW_022144894.1_region	0	0	0.00	0	0
NW_022144895.1	10747	1678	0.16	0	8
NW_022144895.1_region	0	0	0.00	0	0
NW_022144896.1	10744	1290	0.12	0	18
NW_022144896.1_region	1205	0	0.00	0	0
NW_022144897.1	116516	2331886	20.01	0	1403
NW_022144897.1_region	8798	25380	2.88	0	25
NW_022144898.1	10667	26297	2.47	0	159
NW_022144898.1_region	503	0	0.00	0	0
NW_022144899.1	10605	2683	0.25	0	14
NW_022144899.1_region	0	0	0.00	0	0
NW_022144900.1	10598	2221	0.21	0	10
NW_022144900.1_region	0	0	0.00	0	0
NW_022144901.1	10582	1699	0.16	0	18
NW_022144901.1_region	1699	81	0.05	0	2
NW_022144902.1	10532	1307	0.12	0	14
NW_022144902.1_region	0	0	0.00	0	0
NW_022144903.1	10529	1992	0.19	0	14
NW_022144903.1_region	0	0	0.00	0	0
NW_022144904.1	10526	1847	0.18	0	12
NW_022144904.1_region	335	0	0.00	0	0
NW_022144905.1	10508	3700	0.35	0	92
NW_022144905.1_region	0	0	0.00	0	0
NW_022144906.1	10376	3228	0.31	0	22
NW_022144906.1_region	395	0	0.00	0	0
NW_022144907.1	10259	1017	0.10	0	10
NW_022144907.1_region	0	0	0.00	0	0
NW_022144908.1	57212	159448	2.79	0	523
NW_022144908.1_region	0	0	0.00	0	0
NW_022144909.1	10257	2285	0.22	0	16
NW_022144909.1_region	0	0	0.00	0	0
NW_022144910.1	10238	2284	0.22	0	14
NW_022144910.1_region	0	0	0.00	0	0
NW_022144911.1	10215	1488	0.15	0	9
NW_022144911.1_region	1194	132	0.11	0	6
NW_022144912.1	10118	2095	0.21	0	10
NW_022144912.1_region	0	0	0.00	0	0
NW_022144913.1	10045	1390	0.14	0	9
NW_022144913.1_region	0	0	0.00	0	0
NW_022144914.1	10027	1518	0.15	0	6
NW_022144914.1_region	0	0	0.00	0	0
NW_022144915.1	10023	5069	0.51	0	61
NW_022144915.1_region	0	0	0.00	0	0
NW_022144916.1	9977	1423	0.14	0	9
NW_022144916.1_region	0	0	0.00	0	0
NW_022144917.1	9968	1576	0.16	0	12
NW_022144917.1_region	0	0	0.00	0	0
NW_022144918.1	9948	9416	0.95	0	299
NW_022144918.1_region	0	0	0.00	0	0
NW_022144919.1	101694	879550	8.65	0	242
NW_022144919.1_region	0	0	0.00	0	0
NW_022144920.1	9893	2260	0.23	0	27
NW_022144920.1_region	0	0	0.00	0	0
NW_022144921.1	9870	1974	0.20	0	10
NW_022144921.1_region	0	0	0.00	0	0
NW_022144922.1	9860	1713	0.17	0	14
NW_022144922.1_region	0	0	0.00	0	0
NW_022144923.1	9823	108204	11.02	0	3064
NW_022144923.1_region	0	0	0.00	0	0
NW_022144924.1	9823	2887	0.29	0	16
NW_022144924.1_region	0	0	0.00	0	0
NW_022144925.1	9791	1926	0.20	0	14
NW_022144925.1_region	333	16	0.05	0	2
NW_022144926.1	9769	1370	0.14	0	10
NW_022144926.1_region	1017	0	0.00	0	0
NW_022144927.1	9710	2018	0.21	0	12
NW_022144927.1_region	0	0	0.00	0	0
NW_022144928.1	9694	2051	0.21	0	12
NW_022144928.1_region	740	0	0.00	0	0
NW_022144929.1	9642	2062	0.21	0	10
NW_022144929.1_region	0	0	0.00	0	0
NW_022144930.1	49449	469097	9.49	0	150
NW_022144930.1_region	920	19518	21.22	0	62
NW_022144931.1	9636	2945	0.31	0	29
NW_022144931.1_region	1002	229	0.23	0	12
NW_022144932.1	9590	1066	0.11	0	8
NW_022144932.1_region	0	0	0.00	0	0
NW_022144933.1	9519	4271	0.45	0	24
NW_022144933.1_region	0	0	0.00	0	0
NW_022144934.1	9503	2418	0.25	0	17
NW_022144934.1_region	586	84	0.14	0	4
NW_022144935.1	9369	1540	0.16	0	8
NW_022144935.1_region	0	0	0.00	0	0
NW_022144936.1	9315	2111	0.23	0	16
NW_022144936.1_region	0	0	0.00	0	0
NW_022144937.1	9305	2139	0.23	0	9
NW_022144937.1_region	0	0	0.00	0	0
NW_022144938.1	9294	1514	0.16	0	11
NW_022144938.1_region	0	0	0.00	0	0
NW_022144939.1	9275	1910	0.21	0	18
NW_022144939.1_region	0	0	0.00	0	0
NW_022144940.1	9267	1167	0.13	0	10
NW_022144940.1_region	0	0	0.00	0	0
NW_022144941.1	159342	815011	5.11	0	606
NW_022144941.1_region	10419	18863	1.81	0	49
NW_022144942.1	9236	2728	0.30	0	12
NW_022144942.1_region	0	0	0.00	0	0
NW_022144943.1	9207	2227	0.24	0	21
NW_022144943.1_region	0	0	0.00	0	0
NW_022144944.1	9202	1109	0.12	0	8
NW_022144944.1_region	0	0	0.00	0	0
NW_022144945.1	9131	1687	0.18	0	24
NW_022144945.1_region	489	0	0.00	0	0
NW_022144946.1	9108	2272	0.25	0	12
NW_022144946.1_region	0	0	0.00	0	0
NW_022144947.1	9060	1749	0.19	0	21
NW_022144947.1_region	0	0	0.00	0	0
NW_022144948.1	9047	2783	0.31	0	13
NW_022144948.1_region	627	0	0.00	0	0
NW_022144949.1	9042	2079	0.23	0	12
NW_022144949.1_region	0	0	0.00	0	0
NW_022144950.1	8932	4604	0.52	0	69
NW_022144950.1_region	0	0	0.00	0	0
NW_022144951.1	8878	2811	0.32	0	20
NW_022144951.1_region	0	0	0.00	0	0
NW_022144952.1	134345	322615	2.40	0	855
NW_022144952.1_region	4213	3617	0.86	0	30
NW_022144953.1	8840	1323	0.15	0	14
NW_022144953.1_region	0	0	0.00	0	0
NW_022144954.1	8825	1811	0.21	0	12
NW_022144954.1_region	468	0	0.00	0	0
NW_022144955.1	8703	2256	0.26	0	13
NW_022144955.1_region	0	0	0.00	0	0
NW_022144956.1	8644	1227	0.14	0	8
NW_022144956.1_region	0	0	0.00	0	0
NW_022144957.1	8617	2140	0.25	0	24
NW_022144957.1_region	0	0	0.00	0	0
NW_022144958.1	8592	1799	0.21	0	14
NW_022144958.1_region	0	0	0.00	0	0
NW_022144959.1	8588	1349	0.16	0	10
NW_022144959.1_region	0	0	0.00	0	0
NW_022144960.1	8539	1839	0.22	0	14
NW_022144960.1_region	0	0	0.00	0	0
NW_022144961.1	8519	1167	0.14	0	8
NW_022144961.1_region	0	0	0.00	0	0
NW_022144962.1	8514	1787	0.21	0	8
NW_022144962.1_region	0	0	0.00	0	0
NW_022144963.1	63343	95085	1.50	0	68
NW_022144963.1_region	868	10184	11.73	0	32
NW_022144964.1	8499	2036	0.24	0	12
NW_022144964.1_region	0	0	0.00	0	0
NW_022144965.1	8462	2462	0.29	0	24
NW_022144965.1_region	0	0	0.00	0	0
NW_022144966.1	8446	3449	0.41	0	24
NW_022144966.1_region	0	0	0.00	0	0
NW_022144967.1	8427	1743	0.21	0	10
NW_022144967.1_region	0	0	0.00	0	0
NW_022144968.1	8371	979	0.12	0	8
NW_022144968.1_region	0	0	0.00	0	0
NW_022144969.1	8367	1838	0.22	0	18
NW_022144969.1_region	0	0	0.00	0	0
NW_022144970.1	8351	797	0.10	0	8
NW_022144970.1_region	987	34	0.03	0	2
NW_022144971.1	8336	1808	0.22	0	19
NW_022144971.1_region	0	0	0.00	0	0
NW_022144972.1	8298	1701	0.20	0	13
NW_022144972.1_region	0	0	0.00	0	0
NW_022144973.1	8278	1643	0.20	0	11
NW_022144973.1_region	0	0	0.00	0	0
NW_022144974.1	161611	3567402	22.07	0	1973
NW_022144974.1_region	0	0	0.00	0	0
NW_022144975.1	8272	1367	0.17	0	12
NW_022144975.1_region	995	80	0.08	0	4
NW_022144976.1	8270	1067	0.13	0	10
NW_022144976.1_region	0	0	0.00	0	0
NW_022144977.1	8265	1413	0.17	0	8
NW_022144977.1_region	0	0	0.00	0	0
NW_022144978.1	8229	2460	0.30	0	28
NW_022144978.1_region	0	0	0.00	0	0
NW_022144979.1	8217	1214	0.15	0	8
NW_022144979.1_region	0	0	0.00	0	0
NW_022144980.1	8208	1717	0.21	0	10
NW_022144980.1_region	0	0	0.00	0	0
NW_022144981.1	8193	71492	8.73	0	111
NW_022144981.1_region	0	0	0.00	0	0
NW_022144982.1	8177	30437	3.72	0	437
NW_022144982.1_region	0	0	0.00	0	0
NW_022144983.1	8151	1194	0.15	0	16
NW_022144983.1_region	0	0	0.00	0	0
NW_022144984.1	8029	1361	0.17	0	8
NW_022144984.1_region	0	0	0.00	0	0
NW_022144985.1	24776	21018	0.85	0	26
NW_022144985.1_region	0	0	0.00	0	0
NW_022144986.1	8004	2095	0.26	0	10
NW_022144986.1_region	0	0	0.00	0	0
NW_022144987.1	7998	1505	0.19	0	16
NW_022144987.1_region	0	0	0.00	0	0
NW_022144988.1	7984	876	0.11	0	10
NW_022144988.1_region	0	0	0.00	0	0
NW_022144989.1	7982	1621	0.20	0	10
NW_022144989.1_region	0	0	0.00	0	0
NW_022144990.1	7899	1986	0.25	0	16
NW_022144990.1_region	0	0	0.00	0	0
NW_022144991.1	7891	687	0.09	0	10
NW_022144991.1_region	0	0	0.00	0	0
NW_022144992.1	7805	1711	0.22	0	12
NW_022144992.1_region	0	0	0.00	0	0
NW_022144993.1	7728	924	0.12	0	8
NW_022144993.1_region	0	0	0.00	0	0
NW_022144994.1	7684	1057	0.14	0	6
NW_022144994.1_region	0	0	0.00	0	0
NW_022144995.1	7678	1030	0.13	0	9
NW_022144995.1_region	0	0	0.00	0	0
NW_022144996.1	71277	225180	3.16	0	147
NW_022144996.1_region	0	0	0.00	0	0
NW_022144997.1	7613	56203	7.38	0	1085
NW_022144997.1_region	0	0	0.00	0	0
NW_022144998.1	7609	892	0.12	0	8
NW_022144998.1_region	0	0	0.00	0	0
NW_022144999.1	7608	1937	0.25	0	8
NW_022144999.1_region	0	0	0.00	0	0
NW_022145000.1	7606	626	0.08	0	6
NW_022145000.1_region	0	0	0.00	0	0
NW_022145001.1	7549	1218	0.16	0	8
NW_022145001.1_region	0	0	0.00	0	0
NW_022145002.1	7546	1838	0.24	0	12
NW_022145002.1_region	471	0	0.00	0	0
NW_022145003.1	7508	1579	0.21	0	16
NW_022145003.1_region	0	0	0.00	0	0
NW_022145004.1	7486	1342	0.18	0	7
NW_022145004.1_region	450	19	0.04	0	1
NW_022145005.1	7447	1280	0.17	0	13
NW_022145005.1_region	469	0	0.00	0	0
NW_022145006.1	7443	2294	0.31	0	16
NW_022145006.1_region	0	0	0.00	0	0
NW_022145007.1	83156	666722	8.02	0	2910
NW_022145007.1_region	0	0	0.00	0	0
NW_022145008.1	7433	2031	0.27	0	14
NW_022145008.1_region	0	0	0.00	0	0
NW_022145009.1	7407	461	0.06	0	4
NW_022145009.1_region	0	0	0.00	0	0
NW_022145010.1	7379	683	0.09	0	6
NW_022145010.1_region	0	0	0.00	0	0
NW_022145011.1	7365	1030	0.14	0	8
NW_022145011.1_region	0	0	0.00	0	0
NW_022145012.1	7323	1116	0.15	0	10
NW_022145012.1_region	0	0	0.00	0	0
NW_022145013.1	7318	1154	0.16	0	8
NW_022145013.1_region	1291	240	0.19	0	6
NW_022145014.1	7312	1344	0.18	0	10
NW_022145014.1_region	0	0	0.00	0	0
NW_022145015.1	7291	1156	0.16	0	17
NW_022145015.1_region	0	0	0.00	0	0
NW_022145016.1	7291	1740	0.24	0	18
NW_022145016.1_region	531	0	0.00	0	0
NW_022145017.1	7290	1140	0.16	0	12
NW_022145017.1_region	0	0	0.00	0	0
NW_022145018.1	387561	5319585	13.73	0	3608
NW_022145018.1_region	9817	38114	3.88	0	53
NW_022145019.1	7256	836	0.12	0	6
NW_022145019.1_region	0	0	0.00	0	0
NW_022145020.1	7195	821	0.11	0	8
NW_022145020.1_region	0	0	0.00	0	0
NW_022145021.1	7190	8451	1.18	0	54
NW_022145021.1_region	0	0	0.00	0	0
NW_022145022.1	7187	1499	0.21	0	10
NW_022145022.1_region	0	0	0.00	0	0
NW_022145023.1	7105	181	0.03	0	2
NW_022145023.1_region	0	0	0.00	0	0
NW_022145024.1	7072	1821	0.26	0	10
NW_022145024.1_region	690	45	0.07	0	5
NW_022145025.1	6971	2307	0.33	0	12
NW_022145025.1_region	0	0	0.00	0	0
NW_022145026.1	6961	1115	0.16	0	24
NW_022145026.1_region	0	0	0.00	0	0
NW_022145027.1	6912	987	0.14	0	10
NW_022145027.1_region	0	0	0.00	0	0
NW_022145028.1	6909	1723	0.25	0	9
NW_022145028.1_region	0	0	0.00	0	0
NW_022145029.1	136630	680037	4.98	0	855
NW_022145029.1_region	1579	146	0.09	0	2
NW_022145030.1	6887	412	0.06	0	9
NW_022145030.1_region	0	0	0.00	0	0
NW_022145031.1	6886	785	0.11	0	8
NW_022145031.1_region	0	0	0.00	0	0
NW_022145032.1	6870	1371	0.20	0	12
NW_022145032.1_region	0	0	0.00	0	0
NW_022145033.1	6839	2609	0.38	0	10
NW_022145033.1_region	1329	342	0.26	0	6
NW_022145034.1	6827	1764	0.26	0	28
NW_022145034.1_region	0	0	0.00	0	0
NW_022145035.1	6767	1313	0.19	0	10
NW_022145035.1_region	537	0	0.00	0	0
NW_022145036.1	6748	1027	0.15	0	8
NW_022145036.1_region	0	0	0.00	0	0
NW_022145037.1	6730	3846	0.57	0	70
NW_022145037.1_region	0	0	0.00	0	0
NW_022145038.1	6694	1001	0.15	0	9
NW_022145038.1_region	278	0	0.00	0	0
NW_022145039.1	6606	1823	0.28	0	12
NW_022145039.1_region	0	0	0.00	0	0
NW_022145040.1	120375	277372	2.30	0	2404
NW_022145040.1_region	0	0	0.00	0	0
NW_022145041.1	6594	894	0.14	0	17
NW_022145041.1_region	1332	0	0.00	0	0
NW_022145042.1	6590	1550	0.24	0	11
NW_022145042.1_region	0	0	0.00	0	0
NW_022145043.1	6510	1142	0.18	0	8
NW_022145043.1_region	0	0	0.00	0	0
NW_022145044.1	6461	1245	0.19	0	10
NW_022145044.1_region	0	0	0.00	0	0
NW_022145045.1	6450	298	0.05	0	4
NW_022145045.1_region	0	0	0.00	0	0
NW_022145046.1	6448	1402	0.22	0	14
NW_022145046.1_region	0	0	0.00	0	0
NW_022145047.1	6422	2135	0.33	0	14
NW_022145047.1_region	0	0	0.00	0	0
NW_022145048.1	6417	753	0.12	0	8
NW_022145048.1_region	0	0	0.00	0	0
NW_022145049.1	6412	1455	0.23	0	24
NW_022145049.1_region	0	0	0.00	0	0
NW_022145050.1	6336	1371	0.22	0	16
NW_022145050.1_region	1079	34	0.03	0	2
NW_022145051.1	69137	86560	1.25	0	412
NW_022145051.1_region	0	0	0.00	0	0
NW_022145052.1	6319	1664	0.26	0	64
NW_022145052.1_region	0	0	0.00	0	0
NW_022145053.1	6318	1936	0.31	0	16
NW_022145053.1_region	0	0	0.00	0	0
NW_022145054.1	6313	1194	0.19	0	6
NW_022145054.1_region	0	0	0.00	0	0
NW_022145055.1	6268	310	0.05	0	4
NW_022145055.1_region	0	0	0.00	0	0
NW_022145056.1	6197	676	0.11	0	10
NW_022145056.1_region	0	0	0.00	0	0
NW_022145057.1	6184	1093	0.18	0	8
NW_022145057.1_region	1390	114	0.08	0	4
NW_022145058.1	6166	1084	0.18	0	10
NW_022145058.1_region	0	0	0.00	0	0
NW_022145059.1	6156	1100	0.18	0	10
NW_022145059.1_region	0	0	0.00	0	0
NW_022145060.1	6138	1267	0.21	0	22
NW_022145060.1_region	0	0	0.00	0	0
NW_022145061.1	6137	1151	0.19	0	8
NW_022145061.1_region	0	0	0.00	0	0
NW_022145062.1	47922	37953	0.79	0	93
NW_022145062.1_region	0	0	0.00	0	0
NW_022145063.1	6118	1132	0.19	0	12
NW_022145063.1_region	0	0	0.00	0	0
NW_022145064.1	6116	1398	0.23	0	14
NW_022145064.1_region	663	12	0.02	0	2
NW_022145065.1	6099	1682	0.28	0	26
NW_022145065.1_region	0	0	0.00	0	0
NW_022145066.1	6082	1664	0.27	0	10
NW_022145066.1_region	0	0	0.00	0	0
NW_022145067.1	6078	1903	0.31	0	24
NW_022145067.1_region	349	202	0.58	0	10
NW_022145068.1	6067	828	0.14	0	10
NW_022145068.1_region	0	0	0.00	0	0
NW_022145069.1	6042	156	0.03	0	4
NW_022145069.1_region	0	0	0.00	0	0
NW_022145070.1	5912	946	0.16	0	10
NW_022145070.1_region	0	0	0.00	0	0
NW_022145071.1	5907	657	0.11	0	8
NW_022145071.1_region	707	0	0.00	0	0
NW_022145072.1	5903	1051	0.18	0	16
NW_022145072.1_region	0	0	0.00	0	0
NW_022145073.1	125721	407140	3.24	0	1065
NW_022145073.1_region	1128	809	0.72	0	6
NW_022145074.1	5886	1116	0.19	0	8
NW_022145074.1_region	0	0	0.00	0	0
NW_022145075.1	5854	484	0.08	0	4
NW_022145075.1_region	0	0	0.00	0	0
NW_022145076.1	5852	1211	0.21	0	12
NW_022145076.1_region	0	0	0.00	0	0
NW_022145077.1	5819	667	0.11	0	12
NW_022145077.1_region	0	0	0.00	0	0
NW_022145078.1	5814	1229	0.21	0	20
NW_022145078.1_region	0	0	0.00	0	0
NW_022145079.1	5721	1092	0.19	0	9
NW_022145079.1_region	0	0	0.00	0	0
NW_022145080.1	5718	435	0.08	0	6
NW_022145080.1_region	0	0	0.00	0	0
NW_022145081.1	5711	182	0.03	0	4
NW_022145081.1_region	573	0	0.00	0	0
NW_022145082.1	5699	1081	0.19	0	12
NW_022145082.1_region	0	0	0.00	0	0
NW_022145083.1	5623	1903	0.34	0	10
NW_022145083.1_region	0	0	0.00	0	0
NW_022145084.1	104907	190499	1.82	0	220
NW_022145084.1_region	0	0	0.00	0	0
NW_022145085.1	5609	3129	0.56	0	18
NW_022145085.1_region	0	0	0.00	0	0
NW_022145086.1	5578	662	0.12	0	8
NW_022145086.1_region	635	0	0.00	0	0
NW_022145087.1	5530	1263	0.23	0	8
NW_022145087.1_region	0	0	0.00	0	0
NW_022145088.1	5487	792102	144.36	0	19442
NW_022145088.1_region	0	0	0.00	0	0
NW_022145089.1	5471	1114	0.20	0	6
NW_022145089.1_region	0	0	0.00	0	0
NW_022145090.1	5461	493	0.09	0	4
NW_022145090.1_region	0	0	0.00	0	0
NW_022145091.1	5422	889	0.16	0	8
NW_022145091.1_region	0	0	0.00	0	0
NW_022145092.1	5321	3202	0.60	0	35
NW_022145092.1_region	0	0	0.00	0	0
NW_022145093.1	5319	997	0.19	0	12
NW_022145093.1_region	0	0	0.00	0	0
NW_022145094.1	5316	1035	0.19	0	10
NW_022145094.1_region	0	0	0.00	0	0
NW_022145095.1	119971	2047643	17.07	0	15880
NW_022145095.1_region	0	0	0.00	0	0
NW_022145096.1	5304	443	0.08	0	4
NW_022145096.1_region	465	20	0.04	0	4
NW_022145097.1	3350	7765	2.32	0	43
NW_022145097.1_region	0	0	0.00	0	0
NW_022145098.1	5251	385404	73.40	0	1085
NW_022145098.1_region	0	0	0.00	0	0
NW_022145099.1	5225	1909	0.37	0	28
NW_022145099.1_region	0	0	0.00	0	0
NW_022145100.1	5219	1645	0.32	0	18
NW_022145100.1_region	0	0	0.00	0	0
NW_022145101.1	5188	928	0.18	0	10
NW_022145101.1_region	0	0	0.00	0	0
NW_022145102.1	5187	146515	28.25	0	184
NW_022145102.1_region	0	0	0.00	0	0
NW_022145103.1	5181	772	0.15	0	18
NW_022145103.1_region	0	0	0.00	0	0
NW_022145104.1	5153	1037	0.20	0	10
NW_022145104.1_region	0	0	0.00	0	0
NW_022145105.1	5115	2395	0.47	0	16
NW_022145105.1_region	0	0	0.00	0	0
NW_022145106.1	20950	8901	0.42	0	27
NW_022145106.1_region	0	0	0.00	0	0
NW_022145107.1	5060	695	0.14	0	12
NW_022145107.1_region	0	0	0.00	0	0
NW_022145108.1	5029	1762	0.35	0	15
NW_022145108.1_region	0	0	0.00	0	0
NW_022145109.1	5000	443	0.09	0	6
NW_022145109.1_region	0	0	0.00	0	0
NW_022145110.1	4989	2036	0.41	0	80
NW_022145110.1_region	0	0	0.00	0	0
NW_022145111.1	4972	1052	0.21	0	15
NW_022145111.1_region	0	0	0.00	0	0
NW_022145112.1	4951	1220	0.25	0	12
NW_022145112.1_region	0	0	0.00	0	0
NW_022145113.1	4927	76	0.02	0	4
NW_022145113.1_region	2625	0	0.00	0	0
NW_022145114.1	4917	786	0.16	0	8
NW_022145114.1_region	0	0	0.00	0	0
NW_022145115.1	4906	833	0.17	0	7
NW_022145115.1_region	0	0	0.00	0	0
NW_022145116.1	4896	815	0.17	0	13
NW_022145116.1_region	0	0	0.00	0	0
NW_022145117.1	47376	219045	4.62	0	791
NW_022145117.1_region	0	0	0.00	0	0
NW_022145118.1	4884	3824	0.78	0	81
NW_022145118.1_region	0	0	0.00	0	0
NW_022145119.1	4868	1294	0.27	0	18
NW_022145119.1_region	0	0	0.00	0	0
NW_022145120.1	4846	1185	0.24	0	8
NW_022145120.1_region	0	0	0.00	0	0
NW_022145121.1	4840	1844	0.38	0	14
NW_022145121.1_region	0	0	0.00	0	0
NW_022145122.1	4808	569	0.12	0	12
NW_022145122.1_region	0	0	0.00	0	0
NW_022145123.1	4782	1194	0.25	0	7
NW_022145123.1_region	0	0	0.00	0	0
NW_022145124.1	4764	646	0.14	0	14
NW_022145124.1_region	0	0	0.00	0	0
NW_022145125.1	4758	964	0.20	0	10
NW_022145125.1_region	0	0	0.00	0	0
NW_022145126.1	4727	1219	0.26	0	16
NW_022145126.1_region	0	0	0.00	0	0
NW_022145127.1	4706	776	0.16	0	8
NW_022145127.1_region	0	0	0.00	0	0
NW_022145128.1	91882	36454	0.40	0	61
NW_022145128.1_region	0	0	0.00	0	0
NW_022145129.1	2752	6233	2.26	0	63
NW_022145129.1_region	0	0	0.00	0	0
NW_022145130.1	4677	1467	0.31	0	10
NW_022145130.1_region	0	0	0.00	0	0
NW_022145131.1	4671	747	0.16	0	10
NW_022145131.1_region	0	0	0.00	0	0
NW_022145132.1	4669	1250	0.27	0	8
NW_022145132.1_region	0	0	0.00	0	0
NW_022145133.1	4668	1268	0.27	0	13
NW_022145133.1_region	0	0	0.00	0	0
NW_022145134.1	4653	369	0.08	0	5
NW_022145134.1_region	717	53	0.07	0	3
NW_022145135.1	4651	1747	0.38	0	15
NW_022145135.1_region	0	0	0.00	0	0
NW_022145136.1	4645	961	0.21	0	10
NW_022145136.1_region	0	0	0.00	0	0
NW_022145137.1	4640	1136	0.24	0	12
NW_022145137.1_region	0	0	0.00	0	0
NW_022145138.1	4620	1472	0.32	0	12
NW_022145138.1_region	0	0	0.00	0	0
NW_022145139.1	94356	1119497	11.86	0	1326
NW_022145139.1_region	882	21916	24.85	0	67
NW_022145140.1	4613	472	0.10	0	5
NW_022145140.1_region	0	0	0.00	0	0
NW_022145141.1	4575	919	0.20	0	17
NW_022145141.1_region	0	0	0.00	0	0
NW_022145142.1	4559	951	0.21	0	13
NW_022145142.1_region	0	0	0.00	0	0
NW_022145143.1	4528	471	0.10	0	7
NW_022145143.1_region	0	0	0.00	0	0
NW_022145144.1	4497	1051	0.23	0	10
NW_022145144.1_region	0	0	0.00	0	0
NW_022145145.1	4490	42	0.01	0	2
NW_022145145.1_region	0	0	0.00	0	0
NW_022145146.1	4434	577	0.13	0	4
NW_022145146.1_region	0	0	0.00	0	0
NW_022145147.1	4423	255	0.06	0	7
NW_022145147.1_region	0	0	0.00	0	0
NW_022145148.1	4412	252	0.06	0	6
NW_022145148.1_region	0	0	0.00	0	0
NW_022145149.1	4409	15863	3.60	0	29
NW_022145149.1_region	534	3044	5.70	0	15
NW_022145150.1	68008	358185	5.27	0	433
NW_022145150.1_region	0	0	0.00	0	0
NW_022145151.1	4402	428	0.10	0	4
NW_022145151.1_region	0	0	0.00	0	0
NW_022145152.1	4394	27068	6.16	0	51
NW_022145152.1_region	532	12637	23.75	0	51
NW_022145153.1	4383	1301	0.30	0	11
NW_022145153.1_region	311	12	0.04	0	4
NW_022145154.1	4376	593	0.14	0	6
NW_022145154.1_region	0	0	0.00	0	0
NW_022145155.1	4348	1623	0.37	0	25
NW_022145155.1_region	0	0	0.00	0	0
NW_022145156.1	4334	1051	0.24	0	13
NW_022145156.1_region	0	0	0.00	0	0
NW_022145157.1	4293	571	0.13	0	10
NW_022145157.1_region	0	0	0.00	0	0
NW_022145158.1	4264	958	0.22	0	8
NW_022145158.1_region	0	0	0.00	0	0
NW_022145159.1	4175	16729	4.01	0	30
NW_022145159.1_region	0	0	0.00	0	0
NW_022145160.1	4161	488	0.12	0	6
NW_022145160.1_region	0	0	0.00	0	0
NW_022145161.1	115902	204239	1.76	0	120
NW_022145161.1_region	0	0	0.00	0	0
NW_022145162.1	4158	350	0.08	0	4
NW_022145162.1_region	0	0	0.00	0	0
NW_022145163.1	4151	805	0.19	0	12
NW_022145163.1_region	0	0	0.00	0	0
NW_022145164.1	4108	780	0.19	0	6
NW_022145164.1_region	0	0	0.00	0	0
NW_022145165.1	4090	329	0.08	0	6
NW_022145165.1_region	0	0	0.00	0	0
NW_022145166.1	4087	772	0.19	0	10
NW_022145166.1_region	0	0	0.00	0	0
NW_022145167.1	4077	172	0.04	0	5
NW_022145167.1_region	0	0	0.00	0	0
NW_022145168.1	4077	672	0.16	0	10
NW_022145168.1_region	888	0	0.00	0	0
NW_022145169.1	4076	656	0.16	0	8
NW_022145169.1_region	0	0	0.00	0	0
NW_022145170.1	4072	9072	2.23	0	19
NW_022145170.1_region	0	0	0.00	0	0
NW_022145171.1	4046	1029	0.25	0	10
NW_022145171.1_region	0	0	0.00	0	0
NW_022145172.1	67843	126022	1.86	0	107
NW_022145172.1_region	0	0	0.00	0	0
NW_022145173.1	4043	405	0.10	0	6
NW_022145173.1_region	0	0	0.00	0	0
NW_022145174.1	3970	1288	0.32	0	14
NW_022145174.1_region	362	0	0.00	0	0
NW_022145175.1	3944	308	0.08	0	8
NW_022145175.1_region	0	0	0.00	0	0
NW_022145176.1	3937	213	0.05	0	4
NW_022145176.1_region	0	0	0.00	0	0
NW_022145177.1	3926	616	0.16	0	16
NW_022145177.1_region	0	0	0.00	0	0
NW_022145178.1	3913	586	0.15	0	8
NW_022145178.1_region	0	0	0.00	0	0
NW_022145179.1	3904	353	0.09	0	6
NW_022145179.1_region	0	0	0.00	0	0
NW_022145180.1	3861	1352	0.35	0	36
NW_022145180.1_region	0	0	0.00	0	0
NW_022145181.1	3845	485	0.13	0	6
NW_022145181.1_region	0	0	0.00	0	0
NW_022145182.1	3825	1011	0.26	0	11
NW_022145182.1_region	0	0	0.00	0	0
NW_022145183.1	35970	15752	0.44	0	58
NW_022145183.1_region	0	0	0.00	0	0
NW_022145184.1	3822	929	0.24	0	16
NW_022145184.1_region	0	0	0.00	0	0
NW_022145185.1	3818	570	0.15	0	4
NW_022145185.1_region	0	0	0.00	0	0
NW_022145186.1	3774	1501	0.40	0	13
NW_022145186.1_region	0	0	0.00	0	0
NW_022145187.1	3757	755	0.20	0	8
NW_022145187.1_region	0	0	0.00	0	0
NW_022145188.1	3756	1513	0.40	0	13
NW_022145188.1_region	0	0	0.00	0	0
NW_022145189.1	1796	314	0.17	0	2
NW_022145189.1_region	0	0	0.00	0	0
NW_022145190.1	3752	771	0.21	0	12
NW_022145190.1_region	0	0	0.00	0	0
NW_022145191.1	3747	412	0.11	0	5
NW_022145191.1_region	0	0	0.00	0	0
NW_022145192.1	3728	780	0.21	0	8
NW_022145192.1_region	0	0	0.00	0	0
NW_022145193.1	3705	635	0.17	0	4
NW_022145193.1_region	0	0	0.00	0	0
NW_022145194.1	44435	8365	0.19	0	20
NW_022145194.1_region	0	0	0.00	0	0
NW_022145195.1	3675	618	0.17	0	9
NW_022145195.1_region	0	0	0.00	0	0
NW_022145196.1	3656	2817	0.77	0	30
NW_022145196.1_region	0	0	0.00	0	0
NW_022145197.1	3591	133	0.04	0	5
NW_022145197.1_region	0	0	0.00	0	0
NW_022145198.1	3572	100	0.03	0	3
NW_022145198.1_region	0	0	0.00	0	0
NW_022145199.1	3560	21825	6.13	0	36
NW_022145199.1_region	0	0	0.00	0	0
NW_022145200.1	3523	3970	1.13	0	127
NW_022145200.1_region	0	0	0.00	0	0
NW_022145201.1	3516	856	0.24	0	18
NW_022145201.1_region	0	0	0.00	0	0
NW_022145202.1	3511	423	0.12	0	5
NW_022145202.1_region	0	0	0.00	0	0
NW_022145203.1	3498	290	0.08	0	4
NW_022145203.1_region	0	0	0.00	0	0
NW_022145204.1	3481	320	0.09	0	5
NW_022145204.1_region	881	179	0.20	0	5
NW_022145205.1	79806	1027903	12.88	0	1742
NW_022145205.1_region	0	0	0.00	0	0
NW_022145206.1	3465	276	0.08	0	4
NW_022145206.1_region	0	0	0.00	0	0
NW_022145207.1	3398	41237	12.14	0	36
NW_022145207.1_region	0	0	0.00	0	0
NW_022145208.1	3377	366	0.11	0	8
NW_022145208.1_region	0	0	0.00	0	0
NW_022145209.1	3370	37737	11.20	0	39
NW_022145209.1_region	0	0	0.00	0	0
NW_022145210.1	3355	346	0.10	0	6
NW_022145210.1_region	0	0	0.00	0	0
NW_022145211.1	3352	1733	0.52	0	36
NW_022145211.1_region	259	0	0.00	0	0
NW_022145212.1	3330	15945	4.79	0	26
NW_022145212.1_region	0	0	0.00	0	0
NW_022145213.1	3323	58652	17.65	0	38
NW_022145213.1_region	0	0	0.00	0	0
NW_022145214.1	3314	14975	4.52	0	25
NW_022145214.1_region	0	0	0.00	0	0
NW_022145215.1	3309	1159	0.35	0	35
NW_022145215.1_region	0	0	0.00	0	0
NW_022145216.1	46122	503379	10.91	0	1272
NW_022145216.1_region	0	0	0.00	0	0
NW_022145217.1	3298	547	0.17	0	10
NW_022145217.1_region	0	0	0.00	0	0
NW_022145218.1	3258	668	0.21	0	6
NW_022145218.1_region	0	0	0.00	0	0
NW_022145219.1	3240	458	0.14	0	6
NW_022145219.1_region	0	0	0.00	0	0
NW_022145220.1	3239	12915	3.99	0	114
NW_022145220.1_region	0	0	0.00	0	0
NW_022145221.1	3235	14956	4.62	0	32
NW_022145221.1_region	0	0	0.00	0	0
NW_022145222.1	3233	11952	3.70	0	29
NW_022145222.1_region	0	0	0.00	0	0
NW_022145223.1	3216	390	0.12	0	7
NW_022145223.1_region	0	0	0.00	0	0
NW_022145224.1	3205	28069	8.76	0	35
NW_022145224.1_region	0	0	0.00	0	0
NW_022145225.1	3205	406	0.13	0	8
NW_022145225.1_region	0	0	0.00	0	0
NW_022145226.1	3194	438	0.14	0	4
NW_022145226.1_region	0	0	0.00	0	0
NW_022145227.1	47480	1449	0.03	0	10
NW_022145227.1_region	0	0	0.00	0	0
NW_022145228.1	3187	27843	8.74	0	83
NW_022145228.1_region	603	4412	7.32	0	35
NW_022145229.1	3176	194	0.06	0	4
NW_022145229.1_region	0	0	0.00	0	0
NW_022145230.1	3167	215692	68.11	0	732
NW_022145230.1_region	0	0	0.00	0	0
NW_022145231.1	3161	113	0.04	0	3
NW_022145231.1_region	0	0	0.00	0	0
NW_022145232.1	3157	190	0.06	0	8
NW_022145232.1_region	0	0	0.00	0	0
NW_022145233.1	3154	21664	6.87	0	123
NW_022145233.1_region	0	0	0.00	0	0
NW_022145234.1	3141	198	0.06	0	4
NW_022145234.1_region	0	0	0.00	0	0
NW_022145235.1	3124	20868	6.68	0	71
NW_022145235.1_region	0	0	0.00	0	0
NW_022145236.1	3116	514	0.16	0	8
NW_022145236.1_region	0	0	0.00	0	0
NW_022145237.1	3114	16883	5.42	0	78
NW_022145237.1_region	0	0	0.00	0	0
NW_022145238.1	45709	92903	2.03	0	430
NW_022145238.1_region	0	0	0.00	0	0
NW_022145239.1	3091	316	0.10	0	6
NW_022145239.1_region	0	0	0.00	0	0
NW_022145240.1	3085	1776	0.58	0	23
NW_022145240.1_region	0	0	0.00	0	0
NW_022145241.1	3074	16227	5.28	0	110
NW_022145241.1_region	0	0	0.00	0	0
NW_022145242.1	3062	596	0.19	0	10
NW_022145242.1_region	0	0	0.00	0	0
NW_022145243.1	3046	234	0.08	0	4
NW_022145243.1_region	0	0	0.00	0	0
NW_022145244.1	3045	2839	0.93	0	71
NW_022145244.1_region	0	0	0.00	0	0
NW_022145245.1	3020	369	0.12	0	5
NW_022145245.1_region	0	0	0.00	0	0
NW_022145246.1	3009	530	0.18	0	6
NW_022145246.1_region	0	0	0.00	0	0
NW_022145247.1	2958	13573	4.59	0	29
NW_022145247.1_region	0	0	0.00	0	0
NW_022145248.1	2949	1311	0.44	0	34
NW_022145248.1_region	0	0	0.00	0	0
NW_022145249.1	29338	25687	0.88	0	54
NW_022145249.1_region	0	0	0.00	0	0
NW_022145250.1	2946	560	0.19	0	10
NW_022145250.1_region	0	0	0.00	0	0
NW_022145251.1	2939	27104	9.22	0	46
NW_022145251.1_region	0	0	0.00	0	0
NW_022145252.1	2904	445	0.15	0	4
NW_022145252.1_region	0	0	0.00	0	0
NW_022145253.1	2889	18804	6.51	0	25
NW_022145253.1_region	0	0	0.00	0	0
NW_022145254.1	2888	831	0.29	0	6
NW_022145254.1_region	0	0	0.00	0	0
NW_022145255.1	2888	17079	5.91	0	20
NW_022145255.1_region	0	0	0.00	0	0
NW_022145256.1	2876	31133	10.83	0	61
NW_022145256.1_region	0	0	0.00	0	0
NW_022145257.1	2866	8373	2.92	0	333
NW_022145257.1_region	0	0	0.00	0	0
NW_022145258.1	2861	406	0.14	0	6
NW_022145258.1_region	0	0	0.00	0	0
NW_022145259.1	1344	7335	5.46	0	47
NW_022145259.1_region	0	0	0.00	0	0
NW_022145260.1	47144	17830	0.38	0	24
NW_022145260.1_region	0	0	0.00	0	0
NW_022145261.1	2843	368	0.13	0	6
NW_022145261.1_region	0	0	0.00	0	0
NW_022145262.1	2822	504	0.18	0	6
NW_022145262.1_region	0	0	0.00	0	0
NW_022145263.1	2787	307	0.11	0	11
NW_022145263.1_region	0	0	0.00	0	0
NW_022145264.1	2772	391	0.14	0	8
NW_022145264.1_region	0	0	0.00	0	0
NW_022145266.1	2759	397	0.14	0	5
NW_022145266.1_region	0	0	0.00	0	0
NW_022145267.1	2749	23323	8.48	0	29
NW_022145267.1_region	0	0	0.00	0	0
NW_022145268.1	2741	410	0.15	0	8
NW_022145268.1_region	0	0	0.00	0	0
NW_022145269.1	2728	640	0.23	0	8
NW_022145269.1_region	0	0	0.00	0	0
NW_022145270.1	2717	396	0.15	0	7
NW_022145270.1_region	0	0	0.00	0	0
NW_022145271.1	63049	29348	0.47	0	28
NW_022145271.1_region	0	0	0.00	0	0
NW_022145272.1	2707	414	0.15	0	4
NW_022145272.1_region	0	0	0.00	0	0
NW_022145273.1	2703	621	0.23	0	6
NW_022145273.1_region	0	0	0.00	0	0
NW_022145274.1	868	100	0.12	0	1
NW_022145274.1_region	0	0	0.00	0	0
NW_022145275.1	2658	688	0.26	0	12
NW_022145275.1_region	0	0	0.00	0	0
NW_022145276.1	2639	318	0.12	0	6
NW_022145276.1_region	0	0	0.00	0	0
NW_022145277.1	2636	420	0.16	0	7
NW_022145277.1_region	0	0	0.00	0	0
NW_022145278.1	2628	180	0.07	0	6
NW_022145278.1_region	0	0	0.00	0	0
NW_022145279.1	2612	436	0.17	0	8
NW_022145279.1_region	0	0	0.00	0	0
NW_022145280.1	2578	9384	3.64	0	28
NW_022145280.1_region	0	0	0.00	0	0
NW_022145281.1	2532	395	0.16	0	4
NW_022145281.1_region	0	0	0.00	0	0
NW_022145282.1	32392	40089	1.24	0	81
NW_022145282.1_region	0	0	0.00	0	0
NW_022145283.1	2515	11185	4.45	0	47
NW_022145283.1_region	0	0	0.00	0	0
NW_022145284.1	2502	364	0.15	0	5
NW_022145284.1_region	0	0	0.00	0	0
NW_022145285.1	2496	10595	4.24	0	47
NW_022145285.1_region	0	0	0.00	0	0
NW_022145286.1	2435	13662	5.61	0	73
NW_022145286.1_region	0	0	0.00	0	0
NW_022145287.1	2428	40	0.02	0	2
NW_022145287.1_region	0	0	0.00	0	0
NW_022145288.1	2392	697	0.29	0	11
NW_022145288.1_region	0	0	0.00	0	0
NW_022145290.1	2275	372	0.16	0	4
NW_022145290.1_region	0	0	0.00	0	0
NW_022145291.1	2256	1360	0.60	0	33
NW_022145291.1_region	0	0	0.00	0	0
NW_022145292.1	2232	265	0.12	0	8
NW_022145292.1_region	0	0	0.00	0	0
NW_022145293.1	59163	47161	0.80	0	81
NW_022145293.1_region	0	0	0.00	0	0
NW_022145294.1	2229	156	0.07	0	4
NW_022145294.1_region	0	0	0.00	0	0
NW_022145295.1	2226	491	0.22	0	6
NW_022145295.1_region	0	0	0.00	0	0
NW_022145296.1	2220	369	0.17	0	6
NW_022145296.1_region	0	0	0.00	0	0
NW_022145297.1	2217	24580	11.09	0	166
NW_022145297.1_region	0	0	0.00	0	0
NW_022145298.1	2213	76	0.03	0	2
NW_022145298.1_region	0	0	0.00	0	0
NW_022145299.1	2192	457	0.21	0	6
NW_022145299.1_region	0	0	0.00	0	0
NW_022145300.1	2175	5122	2.35	0	230
NW_022145300.1_region	0	0	0.00	0	0
NW_022145301.1	2168	6497	3.00	0	20
NW_022145301.1_region	0	0	0.00	0	0
NW_022145302.1	2157	8741	4.05	0	77
NW_022145302.1_region	0	0	0.00	0	0
NW_022145303.1	2145	321	0.15	0	5
NW_022145303.1_region	0	0	0.00	0	0
NW_022145304.1	32983	4563	0.14	0	16
NW_022145304.1_region	0	0	0.00	0	0
NW_022145305.1	2135	173	0.08	0	4
NW_022145305.1_region	0	0	0.00	0	0
NW_022145306.1	2133	299	0.14	0	5
NW_022145306.1_region	0	0	0.00	0	0
NW_022145307.1	2129	139	0.07	0	4
NW_022145307.1_region	0	0	0.00	0	0
NW_022145308.1	2118	867	0.41	0	17
NW_022145308.1_region	306	66	0.22	0	2
NW_022145309.1	2105	215	0.10	0	5
NW_022145309.1_region	0	0	0.00	0	0
NW_022145310.1	2099	617	0.29	0	8
NW_022145310.1_region	0	0	0.00	0	0
NW_022145311.1	2070	1654	0.80	0	22
NW_022145311.1_region	0	0	0.00	0	0
NW_022145312.1	2062	20695	10.04	0	58
NW_022145312.1_region	0	0	0.00	0	0
NW_022145313.1	2059	82	0.04	0	2
NW_022145313.1_region	0	0	0.00	0	0
NW_022145314.1	2052	424	0.21	0	8
NW_022145314.1_region	0	0	0.00	0	0
NW_022145315.1	56963	593028	10.41	0	1529
NW_022145315.1_region	0	0	0.00	0	0
NW_022145316.1	2045	268	0.13	0	10
NW_022145316.1_region	0	0	0.00	0	0
NW_022145317.1	2026	798	0.39	0	14
NW_022145317.1_region	0	0	0.00	0	0
NW_022145318.1	1994	6257	3.14	0	34
NW_022145318.1_region	0	0	0.00	0	0
NW_022145319.1	1994	2930	1.47	0	16
NW_022145319.1_region	0	0	0.00	0	0
NW_022145320.1	1992	499	0.25	0	7
NW_022145320.1_region	0	0	0.00	0	0
NW_022145321.1	1988	303	0.15	0	6
NW_022145321.1_region	0	0	0.00	0	0
NW_022145322.1	1981	309	0.16	0	7
NW_022145322.1_region	0	0	0.00	0	0
NW_022145323.1	1965	12064	6.14	0	29
NW_022145323.1_region	0	0	0.00	0	0
NW_022145324.1	1960	5990	3.06	0	24
NW_022145324.1_region	329	3586	10.90	0	24
NW_022145325.1	1946	343	0.18	0	8
NW_022145325.1_region	0	0	0.00	0	0
NW_022145326.1	57626	6870	0.12	0	10
NW_022145326.1_region	0	0	0.00	0	0
NW_022145327.1	1943	1234	0.64	0	16
NW_022145327.1_region	0	0	0.00	0	0
NW_022145328.1	1939	462	0.24	0	10
NW_022145328.1_region	0	0	0.00	0	0
NW_022145329.1	1929	2450	1.27	0	15
NW_022145329.1_region	0	0	0.00	0	0
NW_022145330.1	1926	584	0.30	0	12
NW_022145330.1_region	0	0	0.00	0	0
NW_022145331.1	1861	20538	11.04	0	42
NW_022145331.1_region	0	0	0.00	0	0
NW_022145332.1	1839	12288	6.68	0	61
NW_022145332.1_region	0	0	0.00	0	0
NW_022145333.1	1835	726	0.40	0	8
NW_022145333.1_region	0	0	0.00	0	0
NW_022145334.1	1833	140	0.08	0	6
NW_022145334.1_region	1167	0	0.00	0	0
NW_022145335.1	1806	3157	1.75	0	13
NW_022145335.1_region	0	0	0.00	0	0
NW_022145336.1	1754	2597	1.48	0	10
NW_022145336.1_region	0	0	0.00	0	0
NW_022145337.1	54544	24610	0.45	0	19
NW_022145337.1_region	0	0	0.00	0	0
NW_022145338.1	1727	317	0.18	0	4
NW_022145338.1_region	0	0	0.00	0	0
NW_022145339.1	1708	123	0.07	0	3
NW_022145339.1_region	0	0	0.00	0	0
NW_022145340.1	1659	150	0.09	0	4
NW_022145340.1_region	0	0	0.00	0	0
NW_022145341.1	1599	133	0.08	0	7
NW_022145341.1_region	0	0	0.00	0	0
NW_022145342.1	1579	445	0.28	0	8
NW_022145342.1_region	0	0	0.00	0	0
NW_022145343.1	1570	126	0.08	0	2
NW_022145343.1_region	0	0	0.00	0	0
NW_022145344.1	1553	42	0.03	0	2
NW_022145344.1_region	0	0	0.00	0	0
NW_022145345.1	1540	817	0.53	0	8
NW_022145345.1_region	0	0	0.00	0	0
NW_022145346.1	1528	2271	1.49	0	16
NW_022145346.1_region	0	0	0.00	0	0
NW_022145347.1	1523	150836	99.04	0	531
NW_022145347.1_region	0	0	0.00	0	0
NW_022145348.1	76140	154453	2.03	0	490
NW_022145348.1_region	0	0	0.00	0	0
NW_022145349.1	1511	12326	8.16	0	27
NW_022145349.1_region	0	0	0.00	0	0
NW_022145350.1	1492	631	0.42	0	6
NW_022145350.1_region	0	0	0.00	0	0
NW_022145351.1	1491	399	0.27	0	14
NW_022145351.1_region	0	0	0.00	0	0
NW_022145352.1	1490	195	0.13	0	6
NW_022145352.1_region	0	0	0.00	0	0
NW_022145355.1	1460	540	0.37	0	9
NW_022145355.1_region	0	0	0.00	0	0
NW_022145356.1	1428	517	0.36	0	8
NW_022145356.1_region	0	0	0.00	0	0
NW_022145357.1	1387	375	0.27	0	10
NW_022145357.1_region	0	0	0.00	0	0
NW_022145358.1	1384	449	0.32	0	6
NW_022145358.1_region	0	0	0.00	0	0
NW_022145359.1	60007	39657	0.66	0	105
NW_022145359.1_region	0	0	0.00	0	0
NW_022145360.1	1362	11741	8.62	0	44
NW_022145360.1_region	0	0	0.00	0	0
NW_022145361.1	1362	324	0.24	0	6
NW_022145361.1_region	0	0	0.00	0	0
NW_022145362.1	1300	154	0.12	0	4
NW_022145362.1_region	0	0	0.00	0	0
NW_022145363.1	1277	10865	8.51	0	29
NW_022145363.1_region	0	0	0.00	0	0
NW_022145364.1	1265	61	0.05	0	3
NW_022145364.1_region	0	0	0.00	0	0
NW_022145365.1	1255	2882	2.30	0	9
NW_022145365.1_region	0	0	0.00	0	0
NW_022145366.1	1254	3121	2.49	0	13
NW_022145366.1_region	0	0	0.00	0	0
NW_022145367.1	1154	340	0.29	0	4
NW_022145367.1_region	0	0	0.00	0	0
NW_022145368.1	1142	262	0.23	0	2
NW_022145368.1_region	0	0	0.00	0	0
NW_022145369.1	1099	4228	3.85	0	14
NW_022145369.1_region	0	0	0.00	0	0
NW_022145370.1	74314	1519	0.02	0	23
NW_022145370.1_region	0	0	0.00	0	0
NW_022145371.1	1072	7621	7.11	0	21
NW_022145371.1_region	0	0	0.00	0	0
NW_022145372.1	1035	17675	17.08	0	68
NW_022145372.1_region	0	0	0.00	0	0
NW_022145373.1	1007	3507	3.48	0	27
NW_022145373.1_region	0	0	0.00	0	0
NW_022145374.1	1000	395	0.40	0	3
NW_022145374.1_region	0	0	0.00	0	0
NW_022145375.1	10000	8495	0.85	0	14
NW_022145375.1_region	0	0	0.00	0	0
NW_022145376.1	25000	606134	24.25	0	200
NW_022145376.1_region	1591	20580	12.94	0	64
NW_022145377.1	50000	1055766	21.12	0	411
NW_022145377.1_region	612	1538	2.51	0	15
NW_022145378.1	26863	5229	0.19	0	24
NW_022145378.1_region	0	0	0.00	0	0
NW_022145379.1	23852	2953	0.12	0	16
NW_022145379.1_region	1275	0	0.00	0	0
NW_022145380.1	23611	4408	0.19	0	10
NW_022145380.1_region	1430	0	0.00	0	0
NW_022145381.1	55218	71825	1.30	0	42
NW_022145381.1_region	0	0	0.00	0	0
NW_022145382.1	23435	4128	0.18	0	17
NW_022145382.1_region	0	0	0.00	0	0
NW_022145383.1	21401	2723	0.13	0	12
NW_022145383.1_region	0	0	0.00	0	0
NW_022145384.1	19291	4085	0.21	0	29
NW_022145384.1_region	0	0	0.00	0	0
NW_022145385.1	18791	3073	0.16	0	13
NW_022145385.1_region	0	0	0.00	0	0
NW_022145386.1	18617	4390	0.24	0	22
NW_022145386.1_region	0	0	0.00	0	0
NW_022145387.1	17981	3188	0.18	0	12
NW_022145387.1_region	0	0	0.00	0	0
NW_022145388.1	17946	4800	0.27	0	18
NW_022145388.1_region	0	0	0.00	0	0
NW_022145389.1	17857	2910	0.16	0	10
NW_022145389.1_region	0	0	0.00	0	0
NW_022145390.1	21857	6091	0.28	0	40
NW_022145390.1_region	589	38	0.06	0	2
NW_022145391.1	33930	6655	0.20	0	14
NW_022145391.1_region	0	0	0.00	0	0
NW_022145392.1	88843	374228	4.21	0	3184
NW_022145392.1_region	0	0	0.00	0	0
NW_022145393.1	22373	7661	0.34	0	39
NW_022145393.1_region	0	0	0.00	0	0
NW_022145394.1	20846	6988	0.34	0	124
NW_022145394.1_region	0	0	0.00	0	0
NW_022145395.1	18089	2123	0.12	0	16
NW_022145395.1_region	1125	0	0.00	0	0
NW_022145396.1	15624	3473	0.22	0	35
NW_022145396.1_region	0	0	0.00	0	0
NW_022145397.1	15314	1974	0.13	0	9
NW_022145397.1_region	3172	199	0.06	0	6
NW_022145398.1	146455	157489	1.08	0	745
NW_022145398.1_region	0	0	0.00	0	0
NW_022145399.1	17799	2686	0.15	0	11
NW_022145399.1_region	0	0	0.00	0	0
NW_022145400.1	17257	2210	0.13	0	11
NW_022145400.1_region	1338	76	0.06	0	4
NW_022145401.1	16486	7415	0.45	0	75
NW_022145401.1_region	573	0	0.00	0	0
NW_022145402.1	15178	3354	0.22	0	38
NW_022145402.1_region	0	0	0.00	0	0
NW_022145403.1	45037	3126	0.07	0	19
NW_022145403.1_region	0	0	0.00	0	0
NW_022145404.1	57045	257	0.00	0	1
NW_022145404.1_region	0	0	0.00	0	0
NW_022145405.1	22053	5008	0.23	0	28
NW_022145405.1_region	0	0	0.00	0	0
NW_022145406.1	43925	13609	0.31	0	22
NW_022145406.1_region	0	0	0.00	0	0
NW_022145407.1	24217	5840	0.24	0	56
NW_022145407.1_region	5022	0	0.00	0	0
NW_022145408.1	16015	3865	0.24	0	52
NW_022145408.1_region	0	0	0.00	0	0
NW_022145409.1	71395	33705	0.47	0	101
NW_022145409.1_region	0	0	0.00	0	0
NW_022145410.1	73525	910019	12.38	0	101
NW_022145410.1_region	0	0	0.00	0	0
NW_022145411.1	16065	7530	0.47	0	66
NW_022145411.1_region	740	252	0.34	0	8
NW_022145412.1	20205	4066	0.20	0	14
NW_022145412.1_region	0	0	0.00	0	0
NW_022145413.1	31795	2549	0.08	0	10
NW_022145413.1_region	0	0	0.00	0	0
NW_022145414.1	15341	5425	0.35	0	125
NW_022145414.1_region	0	0	0.00	0	0
NW_022145415.1	60355	7004	0.12	0	11
NW_022145415.1_region	0	0	0.00	0	0
NW_022145416.1	16986	2719	0.16	0	20
NW_022145416.1_region	1207	41	0.03	0	2
NW_022145417.1	51512	13051	0.25	0	50
NW_022145417.1_region	0	0	0.00	0	0
NW_022145418.1	17001	4317	0.25	0	36
NW_022145418.1_region	0	0	0.00	0	0
NW_022145419.1	67720	306713	4.53	0	855
NW_022145419.1_region	2640	6948	2.63	0	16
NW_022145420.1	35402	3681	0.10	0	8
NW_022145420.1_region	0	0	0.00	0	0
NW_022145421.1	23454	6481	0.28	0	51
NW_022145421.1_region	1191	4	0.00	0	1
NW_022145422.1	78273	332392	4.25	0	2495
NW_022145422.1_region	0	0	0.00	0	0
NW_022145423.1	126508	62734	0.50	0	81
NW_022145423.1_region	0	0	0.00	0	0
NW_022145424.1	62776	23769	0.38	0	46
NW_022145424.1_region	0	0	0.00	0	0
NW_022145425.1	30360	78148	2.57	0	583
NW_022145425.1_region	0	0	0.00	0	0
NW_022145426.1	79185	16226	0.20	0	28
NW_022145426.1_region	0	0	0.00	0	0
NW_022145427.1	152116	246129	1.62	0	963
NW_022145427.1_region	10674	194294	18.20	0	64
NW_022145428.1	65691	269393	4.10	0	340
NW_022145428.1_region	0	0	0.00	0	0
NW_022145429.1	66232	922406	13.93	0	1575
NW_022145429.1_region	919	5549	6.04	0	20
NW_022145430.1	42199	33339	0.79	0	83
NW_022145430.1_region	0	0	0.00	0	0
NW_022145431.1	56568	658744	11.65	0	1056
NW_022145431.1_region	3939	65407	16.60	0	64
NW_022145432.1	111484	286505	2.57	0	1476
NW_022145432.1_region	0	0	0.00	0	0
NW_022145433.1	30854	26912	0.87	0	36
NW_022145433.1_region	0	0	0.00	0	0
NW_022145434.1	18775	9837	0.52	0	116
NW_022145434.1_region	0	0	0.00	0	0
NW_022145435.1	122365	638915	5.22	0	684
NW_022145435.1_region	0	0	0.00	0	0
NW_022145436.1	31453	31183	0.99	0	64
NW_022145436.1_region	0	0	0.00	0	0
NW_022145437.1	105348	414079	3.93	0	396
NW_022145437.1_region	1621	3150	1.94	0	17
NW_022145438.1	53375	334193	6.26	0	1296
NW_022145438.1_region	0	0	0.00	0	0
NW_022145439.1	77972	514367	6.60	0	385
NW_022145439.1_region	0	0	0.00	0	0
NW_022145440.1	82617	945430	11.44	0	269
NW_022145440.1_region	0	0	0.00	0	0
NW_022145441.1	62133	282714	4.55	0	1645
NW_022145441.1_region	0	0	0.00	0	0
NW_022145442.1	41935	79193	1.89	0	583
NW_022145442.1_region	0	0	0.00	0	0
NW_022145443.1	40287	452118	11.22	0	644
NW_022145443.1_region	0	0	0.00	0	0
NW_022145444.1	25197	5612	0.22	0	21
NW_022145444.1_region	0	0	0.00	0	0
NW_022145445.1	64732	10183	0.16	0	28
NW_022145445.1_region	0	0	0.00	0	0
NW_022145446.1	65218	682394	10.46	0	394
NW_022145446.1_region	0	0	0.00	0	0
NW_022145447.1	15922	22188	1.39	0	454
NW_022145447.1_region	0	0	0.00	0	0
NW_022145448.1	107340	36152	0.34	0	56
NW_022145448.1_region	0	0	0.00	0	0
NW_022145449.1	63868	58080	0.91	0	350
NW_022145449.1_region	0	0	0.00	0	0
NW_022145450.1	33901	46245	1.36	0	182
NW_022145450.1_region	0	0	0.00	0	0
NW_022145451.1	25217	14835	0.59	0	34
NW_022145451.1_region	0	0	0.00	0	0
NW_022145452.1	61174	17829	0.29	0	76
NW_022145452.1_region	0	0	0.00	0	0
NW_022145453.1	70260	101628	1.45	0	90
NW_022145453.1_region	0	0	0.00	0	0
NW_022145454.1	46400	37703	0.81	0	74
NW_022145454.1_region	0	0	0.00	0	0
NW_022145455.1	47120	1456	0.03	0	4
NW_022145455.1_region	0	0	0.00	0	0
NW_022145456.1	130804	6176068	47.22	0	4632
NW_022145456.1_region	4653	86690	18.63	0	210
NW_022145457.1	100977	1139223	11.28	0	2852
NW_022145457.1_region	6696	36793	5.49	0	32
NW_022145458.1	16456	3928	0.24	0	44
NW_022145458.1_region	0	0	0.00	0	0
NW_022145459.1	25000	279089	11.16	0	145
NW_022145459.1_region	0	0	0.00	0	0
NW_022145460.1	50000	369503	7.39	0	294
NW_022145460.1_region	650	2166	3.33	0	15
NW_022145461.1	50000	1014611	20.29	0	2760
NW_022145461.1_region	3013	108640	36.06	0	95
NW_022145462.1	50000	1537638	30.75	0	1430
NW_022145462.1_region	8349	799839	95.80	0	1430
NW_022145463.1	50000	1797619	35.95	0	1969
NW_022145463.1_region	1710	62698	36.67	0	121
NW_022145464.1	50000	5021436	100.43	0	5796
NW_022145464.1_region	1987	62255	31.33	0	80
NW_022145465.1	15000	388902	25.93	0	209
NW_022145465.1_region	2130	111109	52.16	0	134
NW_022145466.1	5000	1536	0.31	0	11
NW_022145466.1_region	0	0	0.00	0	0
NW_022145467.1	25000	64596	2.58	0	44
NW_022145467.1_region	854	2295	2.69	0	6
NW_022145468.1	25000	3365	0.13	0	5
NW_022145468.1_region	0	0	0.00	0	0
NW_022145469.1	86957	145622	1.67	0	375
NW_022145469.1_region	0	0	0.00	0	0
NW_022145470.1	5000	44194	8.84	0	299
NW_022145470.1_region	0	0	0.00	0	0
NW_022145471.1	25000	320265	12.81	0	408
NW_022145471.1_region	0	0	0.00	0	0
NW_022145472.1	25000	52439	2.10	0	90
NW_022145472.1_region	0	0	0.00	0	0
NW_022145473.1	25000	11655	0.47	0	40
NW_022145473.1_region	0	0	0.00	0	0
NW_022145474.1	25000	853146	34.13	0	1625
NW_022145474.1_region	4583	98333	21.46	0	274
NW_022145475.1	1000	21	0.02	0	1
NW_022145475.1_region	0	0	0.00	0	0
NW_022145476.1	50000	1495858	29.92	0	5333
NW_022145476.1_region	5958	16383	2.75	0	17
NW_022145477.1	25000	258938	10.36	0	192
NW_022145477.1_region	1769	52082	29.44	0	105
NW_022145478.1	50000	311315	6.23	0	122
NW_022145478.1_region	1912	146354	76.54	0	122
NW_022145479.1	5000	36612	7.32	0	45
NW_022145479.1_region	0	0	0.00	0	0
NW_022145480.1	15847	3213	0.20	0	22
NW_022145480.1_region	0	0	0.00	0	0
NW_022145481.1	25000	540041	21.60	0	468
NW_022145481.1_region	1828	84324	46.13	0	124
NW_022145482.1	25000	392800	15.71	0	317
NW_022145482.1_region	6670	95637	14.34	0	72
NW_022145483.1	25000	160451	6.42	0	668
NW_022145483.1_region	0	0	0.00	0	0
NW_022145484.1	5000	14726	2.95	0	58
NW_022145484.1_region	1920	2383	1.24	0	44
NW_022145485.1	5000	4488	0.90	0	23
NW_022145485.1_region	0	0	0.00	0	0
NW_022145486.1	5000	29145	5.83	0	186
NW_022145486.1_region	0	0	0.00	0	0
NW_022145487.1	50000	730219	14.60	0	884
NW_022145487.1_region	5526	192477	34.83	0	87
NW_022145488.1	40000	103312	2.58	0	325
NW_022145488.1_region	0	0	0.00	0	0
NW_022145489.1	25000	358618	14.34	0	183
NW_022145489.1_region	4981	151043	30.32	0	179
NW_022145490.1	50000	485416	9.71	0	340
NW_022145490.1_region	0	0	0.00	0	0
NW_022145491.1	115136	48636	0.42	0	287
NW_022145491.1_region	0	0	0.00	0	0
NW_022145492.1	50000	114131	2.28	0	184
NW_022145492.1_region	538	7369	13.70	0	39
NW_022145493.1	50000	2105461	42.11	0	1765
NW_022145493.1_region	1727	55353	32.05	0	116
NW_022145494.1	25000	834715	33.39	0	1948
NW_022145494.1_region	0	0	0.00	0	0
NW_022145495.1	50000	723307	14.47	0	662
NW_022145495.1_region	0	0	0.00	0	0
NW_022145496.1	25000	377181	15.09	0	425
NW_022145496.1_region	3257	67409	20.70	0	154
NW_022145497.1	25000	62114	2.48	0	107
NW_022145497.1_region	0	0	0.00	0	0
NW_022145498.1	25000	617375	24.70	0	245
NW_022145498.1_region	2020	202313	100.15	0	223
NW_022145499.1	50000	1240058	24.80	0	378
NW_022145499.1_region	2727	186893	68.53	0	312
NW_022145500.1	25000	171650	6.87	0	335
NW_022145500.1_region	0	0	0.00	0	0
NW_022145501.1	25000	593674	23.75	0	497
NW_022145501.1_region	0	0	0.00	0	0
NW_022145502.1	61323	138115	2.25	0	334
NW_022145502.1_region	0	0	0.00	0	0
NW_022145503.1	25000	677850	27.11	0	2531
NW_022145503.1_region	0	0	0.00	0	0
NW_022145504.1	25000	378142	15.13	0	444
NW_022145504.1_region	818	37267	45.56	0	444
NW_022145505.1	25000	4883	0.20	0	6
NW_022145505.1_region	0	0	0.00	0	0
NW_022145506.1	50000	807760	16.16	0	2524
NW_022145506.1_region	5037	75069	14.90	0	76
NW_022145507.1	240000	799062	3.33	0	549
NW_022145507.1_region	27118	23862	0.88	0	38
NW_022145508.1	256744	1188167	4.63	0	221
NW_022145508.1_region	10955	419523	38.30	0	102
NW_022145509.1	50000	1519521	30.39	0	714
NW_022145509.1_region	5447	309308	56.79	0	107
NW_022145510.1	50000	916228	18.32	0	797
NW_022145510.1_region	4232	340538	80.47	4	159
NW_022145511.1	125000	4490987	35.93	0	10756
NW_022145511.1_region	956	32550	34.05	1	75
NW_022145512.1	264514	2295382	8.68	0	8152
NW_022145512.1_region	12524	38177	3.05	0	138
NW_022145513.1	15455	3583	0.23	0	28
NW_022145513.1_region	0	0	0.00	0	0
NW_022145514.1	1221726	27133335	22.21	0	2443
NW_022145514.1_region	109282	4138244	37.87	0	425
NW_022145515.1	446053	11038429	24.75	0	13607
NW_022145515.1_region	26078	716765	27.49	0	167
NW_022145516.1	1773824	34423830	19.41	0	3869
NW_022145516.1_region	80432	2561822	31.85	0	262
NW_022145517.1	410634	9353791	22.78	0	4550
NW_022145517.1_region	36382	1318146	36.23	0	168
NW_022145518.1	296294	5642564	19.04	0	1634
NW_022145518.1_region	33611	1102266	32.79	0	458
NW_022145519.1	501666	9821833	19.58	0	1303
NW_022145519.1_region	63098	2101503	33.31	0	297
NW_022145520.1	2604766	46668466	17.92	0	3471
NW_022145520.1_region	212256	5683667	26.78	0	201
NW_022145521.1	834627	17056758	20.44	0	3149
NW_022145521.1_region	62510	2351268	37.61	0	1624
NW_022145522.1	601000	15816569	26.32	0	2641
NW_022145522.1_region	57876	1831388	31.64	0	1418
NW_022145523.1	367191	5608310	15.27	0	632
NW_022145523.1_region	27941	773524	27.68	0	349
NW_022145524.1	25673	31040	1.21	0	203
NW_022145524.1_region	1236	0	0.00	0	0
NW_022145525.1	496028	9391764	18.93	0	1439
NW_022145525.1_region	64256	2246157	34.96	0	868
NW_022145526.1	2368880	49806814	21.03	0	9948
NW_022145526.1_region	177085	5237113	29.57	0	782
NW_022145527.1	766201	13238733	17.28	0	2815
NW_022145527.1_region	97046	2632949	27.13	0	183
NW_022145528.1	991221	19506353	19.68	0	3868
NW_022145528.1_region	65731	2312369	35.18	0	194
NW_022145529.1	437458	5291221	12.10	0	1064
NW_022145529.1_region	31770	578814	18.22	0	199
NW_022145530.1	684040	18311916	26.77	0	6317
NW_022145530.1_region	68328	2503602	36.64	0	246
NW_022145531.1	219183	3996684	18.23	0	3553
NW_022145531.1_region	23455	531803	22.67	0	157
NW_022145532.1	1289379	22764908	17.66	0	2364
NW_022145532.1_region	144914	3787036	26.13	0	254
NW_022145533.1	364073	7047578	19.36	0	1850
NW_022145533.1_region	43169	1330731	30.83	0	1850
NW_022145534.1	1128541	27826093	24.66	0	3333
NW_022145534.1_region	98475	3820107	38.79	0	214
NW_022145535.1	17605	3573	0.20	0	23
NW_022145535.1_region	0	0	0.00	0	0
NW_022145536.1	139137	1612305	11.59	0	250
NW_022145536.1_region	8764	243045	27.73	0	201
NW_022145537.1	426703	11932134	27.96	0	4134
NW_022145537.1_region	41974	1209682	28.82	0	141
NW_022145538.1	583819	12218548	20.93	0	1640
NW_022145538.1_region	59943	2038647	34.01	0	598
NW_022145539.1	1685109	27761213	16.47	0	2688
NW_022145539.1_region	134438	3336047	24.81	0	456
NW_022145540.1	549706	10660534	19.39	0	1125
NW_022145540.1_region	89642	3096710	34.55	0	530
NW_022145541.1	1073309	30574374	28.49	0	23658
NW_022145541.1_region	80966	2297488	28.38	0	770
NW_022145542.1	1383299	27659716	20.00	0	1636
NW_022145542.1_region	137462	3519731	25.61	0	1075
NW_022145543.1	1596249	32664818	20.46	0	3635
NW_022145543.1_region	159260	4602603	28.90	0	546
NW_022145544.1	2048326	40687984	19.86	0	2456
NW_022145544.1_region	218318	7060185	32.34	0	393
NW_022145545.1	1678063	32157861	19.16	0	2009
NW_022145545.1_region	224261	6725823	29.99	0	295
NW_022145546.1	53450	2815	0.05	0	31
NW_022145546.1_region	0	0	0.00	0	0
NW_022145547.1	2234538	40814105	18.27	0	4360
NW_022145547.1_region	219929	5163314	23.48	0	278
NW_022145548.1	722242	15601636	21.60	0	4088
NW_022145548.1_region	64020	1964268	30.68	0	327
NW_022145549.1	1791521	36565640	20.41	0	4906
NW_022145549.1_region	126550	3472912	27.44	0	365
NW_022145550.1	1496376	24618683	16.45	0	13667
NW_022145550.1_region	125726	2735882	21.76	0	332
NW_022145551.1	2795456	47309402	16.92	0	2731
NW_022145551.1_region	254034	6892968	27.13	0	721
NW_022145552.1	2303257	42926767	18.64	0	4053
NW_022145552.1_region	247523	7495130	30.28	0	943
NW_022145553.1	1021577	18750706	18.35	0	1998
NW_022145553.1_region	75587	2343946	31.01	0	1127
NW_022145554.1	2052140	41797936	20.37	0	3788
NW_022145554.1_region	246764	7958112	32.25	0	283
NW_022145555.1	898903	14424735	16.05	0	2301
NW_022145555.1_region	89441	2628579	29.39	0	250
NW_022145556.1	638884	7573338	11.85	0	4198
NW_022145556.1_region	7919	71305	9.00	0	62
NW_022145557.1	22264	4155	0.19	0	8
NW_022145557.1_region	840	8	0.01	0	2
NW_022145558.1	2570869	40918172	15.92	0	5323
NW_022145558.1_region	200527	4492727	22.40	0	755
NW_022145559.1	1083236	21954909	20.27	0	3468
NW_022145559.1_region	88119	2670421	30.30	0	626
NW_022145560.1	1242028	19660689	15.83	0	2529
NW_022145560.1_region	124116	2756612	22.21	0	385
NW_022145561.1	1175743	21824145	18.56	0	5690
NW_022145561.1_region	103482	4437454	42.88	0	1313
NW_022145562.1	889695	16324805	18.35	0	2987
NW_022145562.1_region	54539	1437607	26.36	0	118
NW_022145563.1	1261903	24436669	19.36	0	2582
NW_022145563.1_region	137111	3633312	26.50	0	298
NW_022145564.1	710235	14886997	20.96	0	1762
NW_022145564.1_region	28828	1139874	39.54	0	490
NW_022145565.1	722416	15504838	21.46	0	4727
NW_022145565.1_region	75245	2435828	32.37	0	591
NW_022145566.1	3042594	75140423	24.70	0	35513
NW_022145566.1_region	348059	11453251	32.91	0	873
NW_022145567.1	781304	9297285	11.90	0	1807
NW_022145567.1_region	70878	972830	13.73	0	238
NW_022145568.1	22583	4439	0.20	0	16
NW_022145568.1_region	0	0	0.00	0	0
NW_022145569.1	494736	9418610	19.04	0	986
NW_022145569.1_region	33337	902660	27.08	0	790
NW_022145570.1	4944709	85765656	17.34	0	6361
NW_022145570.1_region	427930	11976932	27.99	0	2099
NW_022145571.1	1505274	34656079	23.02	0	9863
NW_022145571.1_region	141637	4026910	28.43	0	332
NW_022145572.1	1505788	21784093	14.47	0	5724
NW_022145572.1_region	118078	3286839	27.84	0	197
NW_022145573.1	529305	7885109	14.90	0	5687
NW_022145573.1_region	45206	1909413	42.24	0	5687
NW_022145574.1	1404637	22137113	15.76	0	8362
NW_022145574.1_region	140119	3539070	25.26	0	276
NW_022145575.1	3300603	61804401	18.73	0	8491
NW_022145575.1_region	262357	6840103	26.07	0	424
NW_022145576.1	2906720	53132306	18.28	0	5794
NW_022145576.1_region	257482	6444293	25.03	0	942
NW_022145577.1	252291	4135748	16.39	0	1490
NW_022145577.1_region	25499	580352	22.76	0	103
NW_022145578.1	630834	11490606	18.21	0	4826
NW_022145578.1_region	79747	2196076	27.54	0	212
NW_022145579.1	83414	4609	0.06	0	36
NW_022145579.1_region	0	0	0.00	0	0
NW_022145580.1	1039218	18568494	17.87	0	2012
NW_022145580.1_region	107627	3106998	28.87	0	171
NW_022145581.1	427848	6587287	15.40	0	7201
NW_022145581.1_region	47943	949895	19.81	0	514
NW_022145582.1	15763	3606	0.23	0	24
NW_022145582.1_region	1211	14	0.01	0	2
NW_022145583.1	16615	2321	0.14	0	11
NW_022145583.1_region	860	0	0.00	0	0
NW_022145584.1	16732	2210	0.13	0	7
NW_022145584.1_region	702	114	0.16	0	4
NW_022145585.1	21525	6645	0.31	0	43
NW_022145585.1_region	0	0	0.00	0	0
NW_022145586.1	22644	4753	0.21	0	14
NW_022145586.1_region	0	0	0.00	0	0
NW_022145587.1	22806	2989	0.13	0	12
NW_022145587.1_region	2589	60	0.02	0	2
NW_022145588.1	61109	3764	0.06	0	15
NW_022145588.1_region	0	0	0.00	0	0
NW_022145589.1	111277	734	0.01	0	4
NW_022145589.1_region	0	0	0.00	0	0
NW_022145590.1	98897	95	0.00	0	3
NW_022145590.1_region	0	0	0.00	0	0
NW_022145591.1	92921	39948	0.43	0	42
NW_022145591.1_region	0	0	0.00	0	0
NW_022145592.1	82943	1761	0.02	0	14
NW_022145592.1_region	0	0	0.00	0	0
NW_022145594.1	53101916	1200101944	22.60	0	32975
NW_022145594.1_region	3518700	128105557	36.41	0	2664
NW_022145595.1	29984350	795421950	26.53	0	63818
NW_022145595.1_region	2698509	126357280	46.82	0	2184
NW_022145596.1	33320444	948024344	28.45	0	18144
NW_022145596.1_region	3291199	172685057	52.47	0	12783
NW_022145597.1	34141700	973081776	28.50	0	30582
NW_022145597.1_region	3034785	165087918	54.40	0	7676
NW_022145598.1	37305039	873555778	23.42	0	25958
NW_022145598.1_region	2728783	114100389	41.81	0	8086
NW_022145599.1	37767046	934222202	24.74	0	30050
NW_022145599.1_region	3894798	174406913	44.78	0	3931
NW_022145600.1	37282239	917249171	24.60	0	19109
NW_022145600.1_region	3441413	152496999	44.31	0	1852
NW_022145601.1	35007347	843374012	24.09	0	22966
NW_022145601.1_region	3029754	132085052	43.60	0	2350
NW_022145602.1	30021120	622237831	20.73	0	24174
NW_022145602.1_region	2255655	78805597	34.94	0	2658
NW_022145603.1	34285068	739986618	21.58	0	46870
NW_022145603.1_region	2227231	90920458	40.82	0	3837
NW_022145604.1	33742549	732149027	21.70	0	23869
NW_022145604.1_region	2908891	112695769	38.74	0	2992
NW_022145605.1	42589791	1075756976	25.26	0	38851
NW_022145605.1_region	4109591	180590172	43.94	0	10617
NW_022145606.1	52437917	990958128	18.90	0	55924
NW_022145606.1_region	3179802	89839965	28.25	0	2195
NW_022145607.1	45798072	1039796272	22.70	0	24944
NW_022145607.1_region	3702770	163362737	44.12	0	2731
NW_022145608.1	80573	979925	12.16	0	3797
NW_022145608.1_region	446	7294	16.35	0	43
NW_022145609.1	39838600	934494621	23.46	0	35751
NW_022145609.1_region	3533833	145774539	41.25	0	5055
NW_022145610.1	35917773	881455218	24.54	0	23668
NW_022145610.1_region	3191992	144844202	45.38	0	7542
NW_022145611.1	45225044	1424151786	31.49	0	32709
NW_022145611.1_region	5090928	278920964	54.79	0	2532
NW_022145612.1	62154208	1899090417	30.55	0	35820
NW_022145612.1_region	7644422	391493514	51.21	0	2843
NW_022145613.1	39667378	1107867449	27.93	0	28761
NW_022145613.1_region	4227065	219223504	51.86	0	3094
NW_022145614.1	33637615	1037278213	30.84	0	14138
NW_022145614.1_region	3698046	192389287	52.02	0	2031
NW_022145615.1	35239632	1051883483	29.85	0	43149
NW_022145615.1_region	3497029	187038764	53.49	0	36122
NC_001453.1	15650	13363408	853.89	0	2145
NC_001453.1_region	0	0	0.00	0	0
total	921625428	22595821270	24.52	0	63818
total_region	82299613	3649278202	44.34	0	36122
