chrom	length	bases	mean	min	max
NW_022144746.1	64836	289	0.00	0	7
NW_022144746.1_region	0	0	0.00	0	0
NW_022144747.1	60028	1417	0.02	0	8
NW_022144747.1_region	0	0	0.00	0	0
NW_022144748.1	57988	6717	0.12	0	64
NW_022144748.1_region	939	0	0.00	0	0
NW_022144749.1	56950	360	0.01	0	10
NW_022144749.1_region	0	0	0.00	0	0
NW_022144750.1	47351	176	0.00	0	3
NW_022144750.1_region	0	0	0.00	0	0
NW_022144751.1	44134	8607	0.20	0	22
NW_022144751.1_region	4170	496	0.12	0	8
NW_022144752.1	38760	393	0.01	0	18
NW_022144752.1_region	0	0	0.00	0	0
NW_022144753.1	32290	11142	0.35	0	68
NW_022144753.1_region	819	114	0.14	0	4
NW_022144754.1	30490	402	0.01	0	8
NW_022144754.1_region	0	0	0.00	0	0
NW_022144755.1	29101	11002	0.38	0	24
NW_022144755.1_region	0	0	0.00	0	0
NW_022144756.1	26146	15250	0.58	0	160
NW_022144756.1_region	0	0	0.00	0	0
NW_022144757.1	25658	7261	0.28	0	16
NW_022144757.1_region	2781	502	0.18	0	12
NW_022144758.1	25340	6221	0.25	0	20
NW_022144758.1_region	0	0	0.00	0	0
NW_022144759.1	25179	6478	0.26	0	75
NW_022144759.1_region	8430	2665	0.32	0	75
NW_022144760.1	24030	7175	0.30	0	109
NW_022144760.1_region	996	0	0.00	0	0
NW_022144761.1	23711	11520	0.49	0	24
NW_022144761.1_region	0	0	0.00	0	0
NW_022144762.1	23070	5685	0.25	0	43
NW_022144762.1_region	1032	134	0.13	0	4
NW_022144763.1	22953	14641	0.64	0	404
NW_022144763.1_region	2952	348	0.12	0	4
NW_022144764.1	22620	9307	0.41	0	44
NW_022144764.1_region	2640	137	0.05	0	6
NW_022144765.1	22433	1172	0.05	0	6
NW_022144765.1_region	11148	473	0.04	0	2
NW_022144766.1	21973	8143	0.37	0	26
NW_022144766.1_region	0	0	0.00	0	0
NW_022144767.1	21667	10301	0.48	0	33
NW_022144767.1_region	0	0	0.00	0	0
NW_022144768.1	21625	7475	0.35	0	16
NW_022144768.1_region	0	0	0.00	0	0
NW_022144769.1	21387	6232	0.29	0	19
NW_022144769.1_region	0	0	0.00	0	0
NW_022144770.1	21139	5363	0.25	0	18
NW_022144770.1_region	3847	150	0.04	0	6
NW_022144771.1	21068	8609	0.41	0	26
NW_022144771.1_region	0	0	0.00	0	0
NW_022144772.1	21005	8679	0.41	0	48
NW_022144772.1_region	0	0	0.00	0	0
NW_022144773.1	20784	6103	0.29	0	38
NW_022144773.1_region	0	0	0.00	0	0
NW_022144774.1	20670	6278	0.30	0	28
NW_022144774.1_region	0	0	0.00	0	0
NW_022144775.1	20129	5783	0.29	0	16
NW_022144775.1_region	0	0	0.00	0	0
NW_022144776.1	19833	12173	0.61	0	158
NW_022144776.1_region	1593	965	0.61	0	20
NW_022144777.1	19372	7658	0.40	0	28
NW_022144777.1_region	0	0	0.00	0	0
NW_022144778.1	19224	2672	0.14	0	12
NW_022144778.1_region	1185	76	0.06	0	4
NW_022144779.1	18924	2618	0.14	0	22
NW_022144779.1_region	4515	0	0.00	0	0
NW_022144780.1	18903	5205	0.28	0	26
NW_022144780.1_region	0	0	0.00	0	0
NW_022144781.1	18719	5782	0.31	0	30
NW_022144781.1_region	0	0	0.00	0	0
NW_022144782.1	18716	8328	0.44	0	47
NW_022144782.1_region	0	0	0.00	0	0
NW_022144783.1	18557	7224	0.39	0	22
NW_022144783.1_region	312	3	0.01	0	3
NW_022144784.1	18439	3067	0.17	0	12
NW_022144784.1_region	0	0	0.00	0	0
NW_022144785.1	18330	8701	0.47	0	29
NW_022144785.1_region	0	0	0.00	0	0
NW_022144786.1	18214	4055	0.22	0	21
NW_022144786.1_region	0	0	0.00	0	0
NW_022144787.1	18153	4130	0.23	0	16
NW_022144787.1_region	0	0	0.00	0	0
NW_022144788.1	17951	11913	0.66	0	276
NW_022144788.1_region	0	0	0.00	0	0
NW_022144789.1	17798	18133	1.02	0	289
NW_022144789.1_region	0	0	0.00	0	0
NW_022144790.1	17754	3886	0.22	0	18
NW_022144790.1_region	3724	184	0.05	0	8
NW_022144791.1	17648	5276	0.30	0	54
NW_022144791.1_region	0	0	0.00	0	0
NW_022144792.1	17542	8019	0.46	0	40
NW_022144792.1_region	1403	292	0.21	0	6
NW_022144793.1	17493	5133	0.29	0	19
NW_022144793.1_region	0	0	0.00	0	0
NW_022144794.1	17213	6655	0.39	0	18
NW_022144794.1_region	0	0	0.00	0	0
NW_022144795.1	17172	4285	0.25	0	30
NW_022144795.1_region	0	0	0.00	0	0
NW_022144796.1	17039	6445	0.38	0	22
NW_022144796.1_region	894	57	0.06	0	2
NW_022144797.1	17012	6534	0.38	0	32
NW_022144797.1_region	0	0	0.00	0	0
NW_022144798.1	16271	9159	0.56	0	64
NW_022144798.1_region	0	0	0.00	0	0
NW_022144799.1	16212	7185	0.44	0	28
NW_022144799.1_region	1650	375	0.23	0	8
NW_022144800.1	16196	3764	0.23	0	24
NW_022144800.1_region	0	0	0.00	0	0
NW_022144801.1	16082	9679	0.60	0	34
NW_022144801.1_region	0	0	0.00	0	0
NW_022144802.1	16073	7159	0.45	0	32
NW_022144802.1_region	0	0	0.00	0	0
NW_022144803.1	15882	7854	0.49	0	26
NW_022144803.1_region	0	0	0.00	0	0
NW_022144804.1	15872	6266	0.39	0	46
NW_022144804.1_region	1277	121	0.09	0	4
NW_022144805.1	15755	5399	0.34	0	35
NW_022144805.1_region	0	0	0.00	0	0
NW_022144806.1	15729	4620	0.29	0	18
NW_022144806.1_region	0	0	0.00	0	0
NW_022144807.1	15717	1768	0.11	0	12
NW_022144807.1_region	0	0	0.00	0	0
NW_022144808.1	15697	4081	0.26	0	20
NW_022144808.1_region	0	0	0.00	0	0
NW_022144809.1	15254	6374	0.42	0	24
NW_022144809.1_region	624	0	0.00	0	0
NW_022144810.1	15245	3861	0.25	0	22
NW_022144810.1_region	0	0	0.00	0	0
NW_022144811.1	15184	3447	0.23	0	16
NW_022144811.1_region	1176	0	0.00	0	0
NW_022144812.1	15180	6374	0.42	0	40
NW_022144812.1_region	0	0	0.00	0	0
NW_022144813.1	64470	290593	4.51	0	567
NW_022144813.1_region	2668	51673	19.37	0	107
NW_022144814.1	20273	7130	0.35	0	20
NW_022144814.1_region	0	0	0.00	0	0
NW_022144815.1	19793	9634	0.49	0	87
NW_022144815.1_region	0	0	0.00	0	0
NW_022144816.1	18134	5779	0.32	0	17
NW_022144816.1_region	555	76	0.14	0	4
NW_022144817.1	17838	8700	0.49	0	54
NW_022144817.1_region	0	0	0.00	0	0
NW_022144818.1	15663	7751	0.49	0	57
NW_022144818.1_region	0	0	0.00	0	0
NW_022144819.1	25897	295524	11.41	0	226
NW_022144819.1_region	1580	73735	46.67	0	226
NW_022144820.1	14953	2961	0.20	0	12
NW_022144820.1_region	0	0	0.00	0	0
NW_022144821.1	14859	8712	0.59	0	23
NW_022144821.1_region	0	0	0.00	0	0
NW_022144822.1	14838	497	0.03	0	6
NW_022144822.1_region	0	0	0.00	0	0
NW_022144823.1	14815	8378	0.57	0	34
NW_022144823.1_region	0	0	0.00	0	0
NW_022144824.1	14806	5188	0.35	0	30
NW_022144824.1_region	0	0	0.00	0	0
NW_022144825.1	14766	4979	0.34	0	40
NW_022144825.1_region	0	0	0.00	0	0
NW_022144826.1	14747	5088	0.35	0	16
NW_022144826.1_region	0	0	0.00	0	0
NW_022144827.1	14741	4004	0.27	0	16
NW_022144827.1_region	0	0	0.00	0	0
NW_022144828.1	14710	4652	0.32	0	16
NW_022144828.1_region	1104	0	0.00	0	0
NW_022144829.1	14707	5877	0.40	0	28
NW_022144829.1_region	0	0	0.00	0	0
NW_022144830.1	14679	7705	0.52	0	26
NW_022144830.1_region	549	0	0.00	0	0
NW_022144831.1	14604	7790	0.53	0	132
NW_022144831.1_region	0	0	0.00	0	0
NW_022144832.1	14536	4352	0.30	0	20
NW_022144832.1_region	0	0	0.00	0	0
NW_022144833.1	14472	7179	0.50	0	35
NW_022144833.1_region	0	0	0.00	0	0
NW_022144834.1	14424	5648	0.39	0	60
NW_022144834.1_region	0	0	0.00	0	0
NW_022144835.1	14392	34199	2.38	0	65
NW_022144835.1_region	0	0	0.00	0	0
NW_022144836.1	14366	5215	0.36	0	52
NW_022144836.1_region	0	0	0.00	0	0
NW_022144837.1	14316	5452	0.38	0	32
NW_022144837.1_region	474	0	0.00	0	0
NW_022144838.1	14178	7784	0.55	0	33
NW_022144838.1_region	557	118	0.21	0	6
NW_022144839.1	14036	5686	0.41	0	26
NW_022144839.1_region	0	0	0.00	0	0
NW_022144840.1	13984	5301	0.38	0	26
NW_022144840.1_region	0	0	0.00	0	0
NW_022144841.1	13922	6044	0.43	0	22
NW_022144841.1_region	642	0	0.00	0	0
NW_022144842.1	13691	10130	0.74	0	86
NW_022144842.1_region	765	82	0.11	0	6
NW_022144843.1	13690	3757	0.27	0	14
NW_022144843.1_region	825	0	0.00	0	0
NW_022144844.1	13628	3522	0.26	0	15
NW_022144844.1_region	975	170	0.17	0	6
NW_022144845.1	13496	3390	0.25	0	14
NW_022144845.1_region	0	0	0.00	0	0
NW_022144846.1	13451	4498	0.33	0	24
NW_022144846.1_region	0	0	0.00	0	0
NW_022144847.1	13443	6962	0.52	0	23
NW_022144847.1_region	0	0	0.00	0	0
NW_022144848.1	13325	4725	0.35	0	28
NW_022144848.1_region	0	0	0.00	0	0
NW_022144849.1	13232	5909	0.45	0	28
NW_022144849.1_region	501	0	0.00	0	0
NW_022144850.1	13217	2087	0.16	0	9
NW_022144850.1_region	0	0	0.00	0	0
NW_022144851.1	13037	4634	0.36	0	22
NW_022144851.1_region	0	0	0.00	0	0
NW_022144852.1	13005	1881	0.14	0	15
NW_022144852.1_region	0	0	0.00	0	0
NW_022144853.1	12874	1231	0.10	0	12
NW_022144853.1_region	0	0	0.00	0	0
NW_022144854.1	12677	5079	0.40	0	22
NW_022144854.1_region	0	0	0.00	0	0
NW_022144855.1	12615	4020	0.32	0	22
NW_022144855.1_region	0	0	0.00	0	0
NW_022144856.1	12598	3654	0.29	0	24
NW_022144856.1_region	0	0	0.00	0	0
NW_022144857.1	12436	4330	0.35	0	24
NW_022144857.1_region	0	0	0.00	0	0
NW_022144858.1	12426	4093	0.33	0	48
NW_022144858.1_region	0	0	0.00	0	0
NW_022144859.1	12331	4898	0.40	0	32
NW_022144859.1_region	690	152	0.22	0	8
NW_022144860.1	12325	2406	0.20	0	17
NW_022144860.1_region	0	0	0.00	0	0
NW_022144861.1	12317	4897	0.40	0	32
NW_022144861.1_region	0	0	0.00	0	0
NW_022144862.1	12297	5872	0.48	0	26
NW_022144862.1_region	657	192	0.29	0	4
NW_022144863.1	12291	7767	0.63	0	46
NW_022144863.1_region	0	0	0.00	0	0
NW_022144864.1	12247	6257	0.51	0	28
NW_022144864.1_region	0	0	0.00	0	0
NW_022144865.1	12235	3195	0.26	0	18
NW_022144865.1_region	495	0	0.00	0	0
NW_022144866.1	12202	4094	0.34	0	20
NW_022144866.1_region	0	0	0.00	0	0
NW_022144867.1	12165	3312	0.27	0	12
NW_022144867.1_region	0	0	0.00	0	0
NW_022144868.1	12125	4499	0.37	0	35
NW_022144868.1_region	0	0	0.00	0	0
NW_022144869.1	12087	2532	0.21	0	11
NW_022144869.1_region	0	0	0.00	0	0
NW_022144870.1	11997	5030	0.42	0	20
NW_022144870.1_region	0	0	0.00	0	0
NW_022144871.1	11989	6603	0.55	0	40
NW_022144871.1_region	0	0	0.00	0	0
NW_022144872.1	11899	4296	0.36	0	33
NW_022144872.1_region	0	0	0.00	0	0
NW_022144873.1	11852	3868	0.33	0	14
NW_022144873.1_region	1830	678	0.37	0	10
NW_022144874.1	11838	3531	0.30	0	19
NW_022144874.1_region	0	0	0.00	0	0
NW_022144875.1	11825	2775	0.23	0	18
NW_022144875.1_region	469	101	0.22	0	2
NW_022144876.1	11673	11082	0.95	0	154
NW_022144876.1_region	0	0	0.00	0	0
NW_022144877.1	11635	4387	0.38	0	28
NW_022144877.1_region	0	0	0.00	0	0
NW_022144878.1	11630	1709	0.15	0	16
NW_022144878.1_region	1896	7	0.00	0	3
NW_022144879.1	11539	3459	0.30	0	17
NW_022144879.1_region	0	0	0.00	0	0
NW_022144880.1	11518	2762	0.24	0	10
NW_022144880.1_region	0	0	0.00	0	0
NW_022144881.1	11448	2861	0.25	0	16
NW_022144881.1_region	0	0	0.00	0	0
NW_022144882.1	11400	6008	0.53	0	49
NW_022144882.1_region	0	0	0.00	0	0
NW_022144883.1	11312	2642	0.23	0	16
NW_022144883.1_region	0	0	0.00	0	0
NW_022144884.1	11268	7012	0.62	0	148
NW_022144884.1_region	0	0	0.00	0	0
NW_022144885.1	11127	4232	0.38	0	16
NW_022144885.1_region	0	0	0.00	0	0
NW_022144886.1	74569	90563	1.21	0	285
NW_022144886.1_region	0	0	0.00	0	0
NW_022144887.1	11069	3831	0.35	0	23
NW_022144887.1_region	0	0	0.00	0	0
NW_022144888.1	11058	5626	0.51	0	22
NW_022144888.1_region	0	0	0.00	0	0
NW_022144889.1	11056	2268	0.21	0	11
NW_022144889.1_region	0	0	0.00	0	0
NW_022144890.1	10990	4288	0.39	0	20
NW_022144890.1_region	957	18	0.02	0	4
NW_022144891.1	10968	3665	0.33	0	14
NW_022144891.1_region	0	0	0.00	0	0
NW_022144892.1	10910	1808	0.17	0	12
NW_022144892.1_region	0	0	0.00	0	0
NW_022144893.1	10903	3734	0.34	0	29
NW_022144893.1_region	0	0	0.00	0	0
NW_022144894.1	10814	3196	0.30	0	16
NW_022144894.1_region	0	0	0.00	0	0
NW_022144895.1	10747	2732	0.25	0	18
NW_022144895.1_region	0	0	0.00	0	0
NW_022144896.1	10744	2451	0.23	0	20
NW_022144896.1_region	1205	80	0.07	0	4
NW_022144897.1	116516	3230847	27.73	0	8087
NW_022144897.1_region	8798	0	0.00	0	0
NW_022144898.1	10667	40838	3.83	0	192
NW_022144898.1_region	503	465	0.92	0	7
NW_022144899.1	10605	4823	0.45	0	24
NW_022144899.1_region	0	0	0.00	0	0
NW_022144900.1	10598	4761	0.45	0	34
NW_022144900.1_region	0	0	0.00	0	0
NW_022144901.1	10582	3860	0.36	0	21
NW_022144901.1_region	1699	0	0.00	0	0
NW_022144902.1	10532	3896	0.37	0	20
NW_022144902.1_region	0	0	0.00	0	0
NW_022144903.1	10529	2852	0.27	0	18
NW_022144903.1_region	0	0	0.00	0	0
NW_022144904.1	10526	10807	1.03	0	392
NW_022144904.1_region	335	0	0.00	0	0
NW_022144905.1	10508	5133	0.49	0	89
NW_022144905.1_region	0	0	0.00	0	0
NW_022144906.1	10376	4595	0.44	0	24
NW_022144906.1_region	395	0	0.00	0	0
NW_022144907.1	10259	1273	0.12	0	20
NW_022144907.1_region	0	0	0.00	0	0
NW_022144908.1	57212	996994	17.43	0	4897
NW_022144908.1_region	0	0	0.00	0	0
NW_022144909.1	10257	2846	0.28	0	21
NW_022144909.1_region	0	0	0.00	0	0
NW_022144910.1	10238	4249	0.42	0	24
NW_022144910.1_region	0	0	0.00	0	0
NW_022144911.1	10215	2584	0.25	0	18
NW_022144911.1_region	1194	38	0.03	0	2
NW_022144912.1	10118	4799	0.47	0	30
NW_022144912.1_region	0	0	0.00	0	0
NW_022144913.1	10045	3415	0.34	0	22
NW_022144913.1_region	0	0	0.00	0	0
NW_022144914.1	10027	3883	0.39	0	22
NW_022144914.1_region	0	0	0.00	0	0
NW_022144915.1	10023	6376	0.64	0	34
NW_022144915.1_region	0	0	0.00	0	0
NW_022144916.1	9977	2102	0.21	0	22
NW_022144916.1_region	0	0	0.00	0	0
NW_022144917.1	9968	3359	0.34	0	14
NW_022144917.1_region	0	0	0.00	0	0
NW_022144918.1	9948	3357	0.34	0	37
NW_022144918.1_region	0	0	0.00	0	0
NW_022144919.1	101694	1177506	11.58	0	452
NW_022144919.1_region	0	0	0.00	0	0
NW_022144920.1	9893	4756	0.48	0	54
NW_022144920.1_region	0	0	0.00	0	0
NW_022144921.1	9870	3367	0.34	0	19
NW_022144921.1_region	0	0	0.00	0	0
NW_022144922.1	9860	3334	0.34	0	22
NW_022144922.1_region	0	0	0.00	0	0
NW_022144923.1	9823	3554	0.36	0	32
NW_022144923.1_region	0	0	0.00	0	0
NW_022144924.1	9823	5492	0.56	0	44
NW_022144924.1_region	0	0	0.00	0	0
NW_022144925.1	9791	3434	0.35	0	12
NW_022144925.1_region	333	0	0.00	0	0
NW_022144926.1	9769	3835	0.39	0	36
NW_022144926.1_region	1017	0	0.00	0	0
NW_022144927.1	9710	3521	0.36	0	17
NW_022144927.1_region	0	0	0.00	0	0
NW_022144928.1	9694	4277	0.44	0	16
NW_022144928.1_region	740	120	0.16	0	8
NW_022144929.1	9642	4305	0.45	0	18
NW_022144929.1_region	0	0	0.00	0	0
NW_022144930.1	49449	410573	8.30	0	579
NW_022144930.1_region	920	3352	3.64	0	27
NW_022144931.1	9636	2444	0.25	0	17
NW_022144931.1_region	1002	0	0.00	0	0
NW_022144932.1	9590	2667	0.28	0	12
NW_022144932.1_region	0	0	0.00	0	0
NW_022144933.1	9519	66049	6.94	0	366
NW_022144933.1_region	0	0	0.00	0	0
NW_022144934.1	9503	4168	0.44	0	24
NW_022144934.1_region	586	0	0.00	0	0
NW_022144935.1	9369	6088	0.65	0	43
NW_022144935.1_region	0	0	0.00	0	0
NW_022144936.1	9315	3523	0.38	0	18
NW_022144936.1_region	0	0	0.00	0	0
NW_022144937.1	9305	3966	0.43	0	18
NW_022144937.1_region	0	0	0.00	0	0
NW_022144938.1	9294	4622	0.50	0	16
NW_022144938.1_region	0	0	0.00	0	0
NW_022144939.1	9275	2423	0.26	0	19
NW_022144939.1_region	0	0	0.00	0	0
NW_022144940.1	9267	4022	0.43	0	32
NW_022144940.1_region	0	0	0.00	0	0
NW_022144941.1	159342	378913	2.38	0	667
NW_022144941.1_region	10419	10654	1.02	0	36
NW_022144942.1	9236	3650	0.40	0	16
NW_022144942.1_region	0	0	0.00	0	0
NW_022144943.1	9207	5107	0.55	0	37
NW_022144943.1_region	0	0	0.00	0	0
NW_022144944.1	9202	2723	0.30	0	20
NW_022144944.1_region	0	0	0.00	0	0
NW_022144945.1	9131	3976	0.44	0	37
NW_022144945.1_region	489	88	0.18	0	2
NW_022144946.1	9108	4086	0.45	0	28
NW_022144946.1_region	0	0	0.00	0	0
NW_022144947.1	9060	3956	0.44	0	45
NW_022144947.1_region	0	0	0.00	0	0
NW_022144948.1	9047	3466	0.38	0	16
NW_022144948.1_region	627	210	0.33	0	7
NW_022144949.1	9042	5358	0.59	0	28
NW_022144949.1_region	0	0	0.00	0	0
NW_022144950.1	8932	2451	0.27	0	16
NW_022144950.1_region	0	0	0.00	0	0
NW_022144951.1	8878	4136	0.47	0	43
NW_022144951.1_region	0	0	0.00	0	0
NW_022144952.1	134345	400660	2.98	0	677
NW_022144952.1_region	4213	79402	18.85	0	318
NW_022144953.1	8840	2015	0.23	0	15
NW_022144953.1_region	0	0	0.00	0	0
NW_022144954.1	8825	2314	0.26	0	12
NW_022144954.1_region	468	0	0.00	0	0
NW_022144955.1	8703	5396	0.62	0	30
NW_022144955.1_region	0	0	0.00	0	0
NW_022144956.1	8644	2579	0.30	0	20
NW_022144956.1_region	0	0	0.00	0	0
NW_022144957.1	8617	3727	0.43	0	24
NW_022144957.1_region	0	0	0.00	0	0
NW_022144958.1	8592	6482	0.75	0	43
NW_022144958.1_region	0	0	0.00	0	0
NW_022144959.1	8588	2237	0.26	0	18
NW_022144959.1_region	0	0	0.00	0	0
NW_022144960.1	8539	4661	0.55	0	16
NW_022144960.1_region	0	0	0.00	0	0
NW_022144961.1	8519	1277	0.15	0	6
NW_022144961.1_region	0	0	0.00	0	0
NW_022144962.1	8514	4576	0.54	0	68
NW_022144962.1_region	0	0	0.00	0	0
NW_022144963.1	63343	313236	4.95	0	940
NW_022144963.1_region	868	17182	19.79	0	111
NW_022144964.1	8499	2750	0.32	0	23
NW_022144964.1_region	0	0	0.00	0	0
NW_022144965.1	8462	2548	0.30	0	13
NW_022144965.1_region	0	0	0.00	0	0
NW_022144966.1	8446	4515	0.53	0	32
NW_022144966.1_region	0	0	0.00	0	0
NW_022144967.1	8427	951	0.11	0	7
NW_022144967.1_region	0	0	0.00	0	0
NW_022144968.1	8371	1838	0.22	0	14
NW_022144968.1_region	0	0	0.00	0	0
NW_022144969.1	8367	3120	0.37	0	27
NW_022144969.1_region	0	0	0.00	0	0
NW_022144970.1	8351	1197	0.14	0	8
NW_022144970.1_region	987	50	0.05	0	2
NW_022144971.1	8336	2504	0.30	0	44
NW_022144971.1_region	0	0	0.00	0	0
NW_022144972.1	8298	3065	0.37	0	32
NW_022144972.1_region	0	0	0.00	0	0
NW_022144973.1	8278	2167	0.26	0	16
NW_022144973.1_region	0	0	0.00	0	0
NW_022144974.1	161611	2951344	18.26	0	2176
NW_022144974.1_region	0	0	0.00	0	0
NW_022144975.1	8272	4569	0.55	0	111
NW_022144975.1_region	995	8	0.01	0	2
NW_022144976.1	8270	2566	0.31	0	18
NW_022144976.1_region	0	0	0.00	0	0
NW_022144977.1	8265	4027	0.49	0	30
NW_022144977.1_region	0	0	0.00	0	0
NW_022144978.1	8229	1759	0.21	0	12
NW_022144978.1_region	0	0	0.00	0	0
NW_022144979.1	8217	2210	0.27	0	18
NW_022144979.1_region	0	0	0.00	0	0
NW_022144980.1	8208	2184	0.27	0	18
NW_022144980.1_region	0	0	0.00	0	0
NW_022144981.1	8193	409599	49.99	0	3004
NW_022144981.1_region	0	0	0.00	0	0
NW_022144982.1	8177	5002	0.61	0	39
NW_022144982.1_region	0	0	0.00	0	0
NW_022144983.1	8151	2919	0.36	0	14
NW_022144983.1_region	0	0	0.00	0	0
NW_022144984.1	8029	1686	0.21	0	12
NW_022144984.1_region	0	0	0.00	0	0
NW_022144985.1	24776	70795	2.86	0	465
NW_022144985.1_region	0	0	0.00	0	0
NW_022144986.1	8004	3940	0.49	0	30
NW_022144986.1_region	0	0	0.00	0	0
NW_022144987.1	7998	2306	0.29	0	20
NW_022144987.1_region	0	0	0.00	0	0
NW_022144988.1	7984	1895	0.24	0	16
NW_022144988.1_region	0	0	0.00	0	0
NW_022144989.1	7982	2830	0.35	0	33
NW_022144989.1_region	0	0	0.00	0	0
NW_022144990.1	7899	3570	0.45	0	22
NW_022144990.1_region	0	0	0.00	0	0
NW_022144991.1	7891	2774	0.35	0	12
NW_022144991.1_region	0	0	0.00	0	0
NW_022144992.1	7805	2437	0.31	0	50
NW_022144992.1_region	0	0	0.00	0	0
NW_022144993.1	7728	2200	0.28	0	19
NW_022144993.1_region	0	0	0.00	0	0
NW_022144994.1	7684	4673	0.61	0	86
NW_022144994.1_region	0	0	0.00	0	0
NW_022144995.1	7678	2190	0.29	0	18
NW_022144995.1_region	0	0	0.00	0	0
NW_022144996.1	71277	245160	3.44	0	778
NW_022144996.1_region	0	0	0.00	0	0
NW_022144997.1	7613	2261	0.30	0	18
NW_022144997.1_region	0	0	0.00	0	0
NW_022144998.1	7609	1114	0.15	0	6
NW_022144998.1_region	0	0	0.00	0	0
NW_022144999.1	7608	3997	0.53	0	31
NW_022144999.1_region	0	0	0.00	0	0
NW_022145000.1	7606	1685	0.22	0	10
NW_022145000.1_region	0	0	0.00	0	0
NW_022145001.1	7549	374	0.05	0	4
NW_022145001.1_region	0	0	0.00	0	0
NW_022145002.1	7546	1870	0.25	0	15
NW_022145002.1_region	471	0	0.00	0	0
NW_022145003.1	7508	1372	0.18	0	10
NW_022145003.1_region	0	0	0.00	0	0
NW_022145004.1	7486	3011	0.40	0	18
NW_022145004.1_region	450	90	0.20	0	4
NW_022145005.1	7447	1815	0.24	0	12
NW_022145005.1_region	469	28	0.06	0	2
NW_022145006.1	7443	4133	0.56	0	104
NW_022145006.1_region	0	0	0.00	0	0
NW_022145007.1	83156	1311166	15.77	0	8771
NW_022145007.1_region	0	0	0.00	0	0
NW_022145008.1	7433	2831	0.38	0	14
NW_022145008.1_region	0	0	0.00	0	0
NW_022145009.1	7407	1673	0.23	0	18
NW_022145009.1_region	0	0	0.00	0	0
NW_022145010.1	7379	2251	0.31	0	14
NW_022145010.1_region	0	0	0.00	0	0
NW_022145011.1	7365	1697	0.23	0	17
NW_022145011.1_region	0	0	0.00	0	0
NW_022145012.1	7323	5157	0.70	0	35
NW_022145012.1_region	0	0	0.00	0	0
NW_022145013.1	7318	1299	0.18	0	10
NW_022145013.1_region	1291	24	0.02	0	2
NW_022145014.1	7312	1528	0.21	0	12
NW_022145014.1_region	0	0	0.00	0	0
NW_022145015.1	7291	2717	0.37	0	12
NW_022145015.1_region	0	0	0.00	0	0
NW_022145016.1	7291	2142	0.29	0	16
NW_022145016.1_region	531	305	0.57	0	16
NW_022145017.1	7290	2117	0.29	0	32
NW_022145017.1_region	0	0	0.00	0	0
NW_022145018.1	387561	2856610	7.37	0	1465
NW_022145018.1_region	9817	19022	1.94	0	230
NW_022145019.1	7256	1524	0.21	0	20
NW_022145019.1_region	0	0	0.00	0	0
NW_022145020.1	7195	6377	0.89	0	138
NW_022145020.1_region	0	0	0.00	0	0
NW_022145021.1	7190	10897	1.52	0	60
NW_022145021.1_region	0	0	0.00	0	0
NW_022145022.1	7187	3255	0.45	0	34
NW_022145022.1_region	0	0	0.00	0	0
NW_022145023.1	7105	957	0.13	0	14
NW_022145023.1_region	0	0	0.00	0	0
NW_022145024.1	7072	1336	0.19	0	14
NW_022145024.1_region	690	38	0.06	0	2
NW_022145025.1	6971	5447	0.78	0	22
NW_022145025.1_region	0	0	0.00	0	0
NW_022145026.1	6961	1271	0.18	0	8
NW_022145026.1_region	0	0	0.00	0	0
NW_022145027.1	6912	2383	0.34	0	16
NW_022145027.1_region	0	0	0.00	0	0
NW_022145028.1	6909	4183	0.61	0	23
NW_022145028.1_region	0	0	0.00	0	0
NW_022145029.1	136630	1220753	8.93	0	3278
NW_022145029.1_region	1579	4351	2.76	0	622
NW_022145030.1	6887	846	0.12	0	8
NW_022145030.1_region	0	0	0.00	0	0
NW_022145031.1	6886	2653	0.39	0	26
NW_022145031.1_region	0	0	0.00	0	0
NW_022145032.1	6870	2822	0.41	0	21
NW_022145032.1_region	0	0	0.00	0	0
NW_022145033.1	6839	3948	0.58	0	49
NW_022145033.1_region	1329	62	0.05	0	6
NW_022145034.1	6827	2017	0.30	0	14
NW_022145034.1_region	0	0	0.00	0	0
NW_022145035.1	6767	2856	0.42	0	30
NW_022145035.1_region	537	40	0.07	0	2
NW_022145036.1	6748	2505	0.37	0	26
NW_022145036.1_region	0	0	0.00	0	0
NW_022145037.1	6730	5184	0.77	0	76
NW_022145037.1_region	0	0	0.00	0	0
NW_022145038.1	6694	4125	0.62	0	109
NW_022145038.1_region	278	0	0.00	0	0
NW_022145039.1	6606	3435	0.52	0	18
NW_022145039.1_region	0	0	0.00	0	0
NW_022145040.1	120375	105376	0.88	0	265
NW_022145040.1_region	0	0	0.00	0	0
NW_022145041.1	6594	2231	0.34	0	22
NW_022145041.1_region	1332	27	0.02	0	8
NW_022145042.1	6590	2649	0.40	0	14
NW_022145042.1_region	0	0	0.00	0	0
NW_022145043.1	6510	1626	0.25	0	18
NW_022145043.1_region	0	0	0.00	0	0
NW_022145044.1	6461	3392	0.52	0	35
NW_022145044.1_region	0	0	0.00	0	0
NW_022145045.1	6450	1863	0.29	0	27
NW_022145045.1_region	0	0	0.00	0	0
NW_022145046.1	6448	4263	0.66	0	48
NW_022145046.1_region	0	0	0.00	0	0
NW_022145047.1	6422	2498	0.39	0	25
NW_022145047.1_region	0	0	0.00	0	0
NW_022145048.1	6417	1286	0.20	0	12
NW_022145048.1_region	0	0	0.00	0	0
NW_022145049.1	6412	1279	0.20	0	12
NW_022145049.1_region	0	0	0.00	0	0
NW_022145050.1	6336	2793	0.44	0	18
NW_022145050.1_region	1079	159	0.15	0	8
NW_022145051.1	69137	128929	1.86	0	345
NW_022145051.1_region	0	0	0.00	0	0
NW_022145052.1	6319	1695	0.27	0	10
NW_022145052.1_region	0	0	0.00	0	0
NW_022145053.1	6318	3020	0.48	0	23
NW_022145053.1_region	0	0	0.00	0	0
NW_022145054.1	6313	1497	0.24	0	16
NW_022145054.1_region	0	0	0.00	0	0
NW_022145055.1	6268	1414	0.23	0	40
NW_022145055.1_region	0	0	0.00	0	0
NW_022145056.1	6197	2035	0.33	0	23
NW_022145056.1_region	0	0	0.00	0	0
NW_022145057.1	6184	1858	0.30	0	21
NW_022145057.1_region	1390	0	0.00	0	0
NW_022145058.1	6166	2124	0.34	0	12
NW_022145058.1_region	0	0	0.00	0	0
NW_022145059.1	6156	1716	0.28	0	12
NW_022145059.1_region	0	0	0.00	0	0
NW_022145060.1	6138	8745	1.42	0	280
NW_022145060.1_region	0	0	0.00	0	0
NW_022145061.1	6137	1203	0.20	0	9
NW_022145061.1_region	0	0	0.00	0	0
NW_022145062.1	47922	17247	0.36	0	73
NW_022145062.1_region	0	0	0.00	0	0
NW_022145063.1	6118	2013	0.33	0	16
NW_022145063.1_region	0	0	0.00	0	0
NW_022145064.1	6116	1917	0.31	0	10
NW_022145064.1_region	663	341	0.51	0	10
NW_022145065.1	6099	1676	0.27	0	13
NW_022145065.1_region	0	0	0.00	0	0
NW_022145066.1	6082	3294	0.54	0	28
NW_022145066.1_region	0	0	0.00	0	0
NW_022145067.1	6078	1718	0.28	0	18
NW_022145067.1_region	349	0	0.00	0	0
NW_022145068.1	6067	1313	0.22	0	8
NW_022145068.1_region	0	0	0.00	0	0
NW_022145069.1	6042	1539	0.25	0	18
NW_022145069.1_region	0	0	0.00	0	0
NW_022145070.1	5912	2494	0.42	0	40
NW_022145070.1_region	0	0	0.00	0	0
NW_022145071.1	5907	1252	0.21	0	12
NW_022145071.1_region	707	38	0.05	0	2
NW_022145072.1	5903	1602	0.27	0	24
NW_022145072.1_region	0	0	0.00	0	0
NW_022145073.1	125721	472840	3.76	0	554
NW_022145073.1_region	1128	4415	3.91	0	20
NW_022145074.1	5886	2056	0.35	0	14
NW_022145074.1_region	0	0	0.00	0	0
NW_022145075.1	5854	1680	0.29	0	21
NW_022145075.1_region	0	0	0.00	0	0
NW_022145076.1	5852	9412	1.61	0	196
NW_022145076.1_region	0	0	0.00	0	0
NW_022145077.1	5819	2190	0.38	0	16
NW_022145077.1_region	0	0	0.00	0	0
NW_022145078.1	5814	2948	0.51	0	22
NW_022145078.1_region	0	0	0.00	0	0
NW_022145079.1	5721	1671	0.29	0	12
NW_022145079.1_region	0	0	0.00	0	0
NW_022145080.1	5718	1629	0.28	0	10
NW_022145080.1_region	0	0	0.00	0	0
NW_022145081.1	5711	596	0.10	0	8
NW_022145081.1_region	573	152	0.27	0	8
NW_022145082.1	5699	2974	0.52	0	18
NW_022145082.1_region	0	0	0.00	0	0
NW_022145083.1	5623	6816	1.21	0	20
NW_022145083.1_region	0	0	0.00	0	0
NW_022145084.1	104907	237712	2.27	0	265
NW_022145084.1_region	0	0	0.00	0	0
NW_022145085.1	5609	5093	0.91	0	15
NW_022145085.1_region	0	0	0.00	0	0
NW_022145086.1	5578	1757	0.31	0	18
NW_022145086.1_region	635	0	0.00	0	0
NW_022145087.1	5530	1990	0.36	0	12
NW_022145087.1_region	0	0	0.00	0	0
NW_022145088.1	5487	1025	0.19	0	10
NW_022145088.1_region	0	0	0.00	0	0
NW_022145089.1	5471	1613	0.29	0	18
NW_022145089.1_region	0	0	0.00	0	0
NW_022145090.1	5461	1849	0.34	0	22
NW_022145090.1_region	0	0	0.00	0	0
NW_022145091.1	5422	1416	0.26	0	22
NW_022145091.1_region	0	0	0.00	0	0
NW_022145092.1	5321	4246	0.80	0	116
NW_022145092.1_region	0	0	0.00	0	0
NW_022145093.1	5319	2108	0.40	0	19
NW_022145093.1_region	0	0	0.00	0	0
NW_022145094.1	5316	2337	0.44	0	22
NW_022145094.1_region	0	0	0.00	0	0
NW_022145095.1	119971	112203	0.94	0	472
NW_022145095.1_region	0	0	0.00	0	0
NW_022145096.1	5304	1241	0.23	0	8
NW_022145096.1_region	465	0	0.00	0	0
NW_022145097.1	3350	4932	1.47	0	28
NW_022145097.1_region	0	0	0.00	0	0
NW_022145098.1	5251	261856	49.87	0	310
NW_022145098.1_region	0	0	0.00	0	0
NW_022145099.1	5225	3943	0.75	0	62
NW_022145099.1_region	0	0	0.00	0	0
NW_022145100.1	5219	1339	0.26	0	12
NW_022145100.1_region	0	0	0.00	0	0
NW_022145101.1	5188	1628	0.31	0	11
NW_022145101.1_region	0	0	0.00	0	0
NW_022145102.1	5187	189102	36.46	0	173
NW_022145102.1_region	0	0	0.00	0	0
NW_022145103.1	5181	878	0.17	0	14
NW_022145103.1_region	0	0	0.00	0	0
NW_022145104.1	5153	980	0.19	0	15
NW_022145104.1_region	0	0	0.00	0	0
NW_022145105.1	5115	2545	0.50	0	16
NW_022145105.1_region	0	0	0.00	0	0
NW_022145106.1	20950	3243	0.15	0	15
NW_022145106.1_region	0	0	0.00	0	0
NW_022145107.1	5060	1091	0.22	0	11
NW_022145107.1_region	0	0	0.00	0	0
NW_022145108.1	5029	4045	0.80	0	26
NW_022145108.1_region	0	0	0.00	0	0
NW_022145109.1	5000	774	0.15	0	12
NW_022145109.1_region	0	0	0.00	0	0
NW_022145110.1	4989	13591	2.72	0	642
NW_022145110.1_region	0	0	0.00	0	0
NW_022145111.1	4972	2823	0.57	0	54
NW_022145111.1_region	0	0	0.00	0	0
NW_022145112.1	4951	1631	0.33	0	18
NW_022145112.1_region	0	0	0.00	0	0
NW_022145113.1	4927	2701	0.55	0	134
NW_022145113.1_region	2625	0	0.00	0	0
NW_022145114.1	4917	1244	0.25	0	8
NW_022145114.1_region	0	0	0.00	0	0
NW_022145115.1	4906	3484	0.71	0	28
NW_022145115.1_region	0	0	0.00	0	0
NW_022145116.1	4896	1420	0.29	0	13
NW_022145116.1_region	0	0	0.00	0	0
NW_022145117.1	47376	119456	2.52	0	897
NW_022145117.1_region	0	0	0.00	0	0
NW_022145118.1	4884	5451	1.12	0	51
NW_022145118.1_region	0	0	0.00	0	0
NW_022145119.1	4868	1317	0.27	0	18
NW_022145119.1_region	0	0	0.00	0	0
NW_022145120.1	4846	2813	0.58	0	15
NW_022145120.1_region	0	0	0.00	0	0
NW_022145121.1	4840	2116	0.44	0	16
NW_022145121.1_region	0	0	0.00	0	0
NW_022145122.1	4808	832	0.17	0	14
NW_022145122.1_region	0	0	0.00	0	0
NW_022145123.1	4782	1647	0.34	0	12
NW_022145123.1_region	0	0	0.00	0	0
NW_022145124.1	4764	235	0.05	0	8
NW_022145124.1_region	0	0	0.00	0	0
NW_022145125.1	4758	1672	0.35	0	17
NW_022145125.1_region	0	0	0.00	0	0
NW_022145126.1	4727	1469	0.31	0	8
NW_022145126.1_region	0	0	0.00	0	0
NW_022145127.1	4706	2652	0.56	0	32
NW_022145127.1_region	0	0	0.00	0	0
NW_022145128.1	91882	548	0.01	0	10
NW_022145128.1_region	0	0	0.00	0	0
NW_022145129.1	2752	5217	1.90	0	92
NW_022145129.1_region	0	0	0.00	0	0
NW_022145130.1	4677	567	0.12	0	6
NW_022145130.1_region	0	0	0.00	0	0
NW_022145131.1	4671	2385	0.51	0	14
NW_022145131.1_region	0	0	0.00	0	0
NW_022145132.1	4669	1843	0.39	0	16
NW_022145132.1_region	0	0	0.00	0	0
NW_022145133.1	4668	1648	0.35	0	11
NW_022145133.1_region	0	0	0.00	0	0
NW_022145134.1	4653	430	0.09	0	8
NW_022145134.1_region	717	15	0.02	0	1
NW_022145135.1	4651	3682	0.79	0	63
NW_022145135.1_region	0	0	0.00	0	0
NW_022145136.1	4645	1064	0.23	0	9
NW_022145136.1_region	0	0	0.00	0	0
NW_022145137.1	4640	1792	0.39	0	19
NW_022145137.1_region	0	0	0.00	0	0
NW_022145138.1	4620	959	0.21	0	8
NW_022145138.1_region	0	0	0.00	0	0
NW_022145139.1	94356	391476	4.15	0	456
NW_022145139.1_region	882	13716	15.55	0	50
NW_022145140.1	4613	2605	0.56	0	25
NW_022145140.1_region	0	0	0.00	0	0
NW_022145141.1	4575	1221	0.27	0	8
NW_022145141.1_region	0	0	0.00	0	0
NW_022145142.1	4559	1007	0.22	0	14
NW_022145142.1_region	0	0	0.00	0	0
NW_022145143.1	4528	1819	0.40	0	17
NW_022145143.1_region	0	0	0.00	0	0
NW_022145144.1	4497	2173	0.48	0	30
NW_022145144.1_region	0	0	0.00	0	0
NW_022145145.1	4490	2321	0.52	0	76
NW_022145145.1_region	0	0	0.00	0	0
NW_022145146.1	4434	1584	0.36	0	10
NW_022145146.1_region	0	0	0.00	0	0
NW_022145147.1	4423	714	0.16	0	10
NW_022145147.1_region	0	0	0.00	0	0
NW_022145148.1	4412	274	0.06	0	8
NW_022145148.1_region	0	0	0.00	0	0
NW_022145149.1	4409	64905	14.72	0	390
NW_022145149.1_region	534	5510	10.32	0	33
NW_022145150.1	68008	100182	1.47	0	420
NW_022145150.1_region	0	0	0.00	0	0
NW_022145151.1	4402	1723	0.39	0	14
NW_022145151.1_region	0	0	0.00	0	0
NW_022145152.1	4394	30084	6.85	0	77
NW_022145152.1_region	532	9437	17.74	0	41
NW_022145153.1	4383	997	0.23	0	12
NW_022145153.1_region	311	156	0.50	0	12
NW_022145154.1	4376	693	0.16	0	8
NW_022145154.1_region	0	0	0.00	0	0
NW_022145155.1	4348	3212	0.74	0	31
NW_022145155.1_region	0	0	0.00	0	0
NW_022145156.1	4334	2793	0.64	0	27
NW_022145156.1_region	0	0	0.00	0	0
NW_022145157.1	4293	1891	0.44	0	15
NW_022145157.1_region	0	0	0.00	0	0
NW_022145158.1	4264	1058	0.25	0	10
NW_022145158.1_region	0	0	0.00	0	0
NW_022145159.1	4175	9075	2.17	0	24
NW_022145159.1_region	0	0	0.00	0	0
NW_022145160.1	4161	1680	0.40	0	18
NW_022145160.1_region	0	0	0.00	0	0
NW_022145161.1	115902	228930	1.98	0	282
NW_022145161.1_region	0	0	0.00	0	0
NW_022145162.1	4158	1539	0.37	0	18
NW_022145162.1_region	0	0	0.00	0	0
NW_022145163.1	4151	590	0.14	0	8
NW_022145163.1_region	0	0	0.00	0	0
NW_022145164.1	4108	1275	0.31	0	12
NW_022145164.1_region	0	0	0.00	0	0
NW_022145165.1	4090	1056	0.26	0	12
NW_022145165.1_region	0	0	0.00	0	0
NW_022145166.1	4087	871	0.21	0	11
NW_022145166.1_region	0	0	0.00	0	0
NW_022145167.1	4077	627	0.15	0	6
NW_022145167.1_region	0	0	0.00	0	0
NW_022145168.1	4077	1256	0.31	0	14
NW_022145168.1_region	888	355	0.40	0	14
NW_022145169.1	4076	617	0.15	0	10
NW_022145169.1_region	0	0	0.00	0	0
NW_022145170.1	4072	6415	1.58	0	14
NW_022145170.1_region	0	0	0.00	0	0
NW_022145171.1	4046	1162	0.29	0	13
NW_022145171.1_region	0	0	0.00	0	0
NW_022145172.1	67843	48628	0.72	0	57
NW_022145172.1_region	0	0	0.00	0	0
NW_022145173.1	4043	1179	0.29	0	12
NW_022145173.1_region	0	0	0.00	0	0
NW_022145174.1	3970	1702	0.43	0	20
NW_022145174.1_region	362	0	0.00	0	0
NW_022145175.1	3944	566	0.14	0	8
NW_022145175.1_region	0	0	0.00	0	0
NW_022145176.1	3937	979	0.25	0	15
NW_022145176.1_region	0	0	0.00	0	0
NW_022145177.1	3926	984	0.25	0	12
NW_022145177.1_region	0	0	0.00	0	0
NW_022145178.1	3913	1508	0.39	0	11
NW_022145178.1_region	0	0	0.00	0	0
NW_022145179.1	3904	1613	0.41	0	20
NW_022145179.1_region	0	0	0.00	0	0
NW_022145180.1	3861	1124	0.29	0	14
NW_022145180.1_region	0	0	0.00	0	0
NW_022145181.1	3845	852	0.22	0	10
NW_022145181.1_region	0	0	0.00	0	0
NW_022145182.1	3825	1478	0.39	0	18
NW_022145182.1_region	0	0	0.00	0	0
NW_022145183.1	35970	124	0.00	0	2
NW_022145183.1_region	0	0	0.00	0	0
NW_022145184.1	3822	876	0.23	0	6
NW_022145184.1_region	0	0	0.00	0	0
NW_022145185.1	3818	1812	0.47	0	23
NW_022145185.1_region	0	0	0.00	0	0
NW_022145186.1	3774	1627	0.43	0	12
NW_022145186.1_region	0	0	0.00	0	0
NW_022145187.1	3757	1278	0.34	0	8
NW_022145187.1_region	0	0	0.00	0	0
NW_022145188.1	3756	2081	0.55	0	15
NW_022145188.1_region	0	0	0.00	0	0
NW_022145189.1	1796	40	0.02	0	1
NW_022145189.1_region	0	0	0.00	0	0
NW_022145190.1	3752	2553	0.68	0	22
NW_022145190.1_region	0	0	0.00	0	0
NW_022145191.1	3747	951	0.25	0	11
NW_022145191.1_region	0	0	0.00	0	0
NW_022145192.1	3728	1064	0.29	0	10
NW_022145192.1_region	0	0	0.00	0	0
NW_022145193.1	3705	1379	0.37	0	16
NW_022145193.1_region	0	0	0.00	0	0
NW_022145194.1	44435	19	0.00	0	1
NW_022145194.1_region	0	0	0.00	0	0
NW_022145195.1	3675	2818	0.77	0	29
NW_022145195.1_region	0	0	0.00	0	0
NW_022145196.1	3656	1539	0.42	0	20
NW_022145196.1_region	0	0	0.00	0	0
NW_022145197.1	3591	137	0.04	0	2
NW_022145197.1_region	0	0	0.00	0	0
NW_022145198.1	3572	272	0.08	0	6
NW_022145198.1_region	0	0	0.00	0	0
NW_022145199.1	3560	15561	4.37	0	59
NW_022145199.1_region	0	0	0.00	0	0
NW_022145200.1	3523	1650	0.47	0	13
NW_022145200.1_region	0	0	0.00	0	0
NW_022145201.1	3516	1172	0.33	0	21
NW_022145201.1_region	0	0	0.00	0	0
NW_022145202.1	3511	12941	3.69	0	38
NW_022145202.1_region	0	0	0.00	0	0
NW_022145203.1	3498	1007	0.29	0	18
NW_022145203.1_region	0	0	0.00	0	0
NW_022145204.1	3481	2552	0.73	0	33
NW_022145204.1_region	881	1499	1.70	0	33
NW_022145205.1	79806	47359	0.59	0	262
NW_022145205.1_region	0	0	0.00	0	0
NW_022145206.1	3465	599	0.17	0	7
NW_022145206.1_region	0	0	0.00	0	0
NW_022145207.1	3398	22321	6.57	0	35
NW_022145207.1_region	0	0	0.00	0	0
NW_022145208.1	3377	1513	0.45	0	14
NW_022145208.1_region	0	0	0.00	0	0
NW_022145209.1	3370	23295	6.91	0	32
NW_022145209.1_region	0	0	0.00	0	0
NW_022145210.1	3355	1937	0.58	0	15
NW_022145210.1_region	0	0	0.00	0	0
NW_022145211.1	3352	1592	0.47	0	19
NW_022145211.1_region	259	0	0.00	0	0
NW_022145212.1	3330	23770	7.14	0	84
NW_022145212.1_region	0	0	0.00	0	0
NW_022145213.1	3323	53631	16.14	0	71
NW_022145213.1_region	0	0	0.00	0	0
NW_022145214.1	3314	10775	3.25	0	18
NW_022145214.1_region	0	0	0.00	0	0
NW_022145215.1	3309	1376	0.42	0	18
NW_022145215.1_region	0	0	0.00	0	0
NW_022145216.1	46122	29104	0.63	0	245
NW_022145216.1_region	0	0	0.00	0	0
NW_022145217.1	3298	1373	0.42	0	10
NW_022145217.1_region	0	0	0.00	0	0
NW_022145218.1	3258	1395	0.43	0	14
NW_022145218.1_region	0	0	0.00	0	0
NW_022145219.1	3240	1173	0.36	0	9
NW_022145219.1_region	0	0	0.00	0	0
NW_022145220.1	3239	8355	2.58	0	76
NW_022145220.1_region	0	0	0.00	0	0
NW_022145221.1	3235	8193	2.53	0	23
NW_022145221.1_region	0	0	0.00	0	0
NW_022145222.1	3233	7134	2.21	0	23
NW_022145222.1_region	0	0	0.00	0	0
NW_022145223.1	3216	1578	0.49	0	14
NW_022145223.1_region	0	0	0.00	0	0
NW_022145224.1	3205	16999	5.30	0	26
NW_022145224.1_region	0	0	0.00	0	0
NW_022145225.1	3205	363	0.11	0	8
NW_022145225.1_region	0	0	0.00	0	0
NW_022145226.1	3194	1196	0.37	0	10
NW_022145226.1_region	0	0	0.00	0	0
NW_022145227.1	47480	600	0.01	0	10
NW_022145227.1_region	0	0	0.00	0	0
NW_022145228.1	3187	39663	12.45	0	177
NW_022145228.1_region	603	14550	24.13	0	177
NW_022145229.1	3176	1827	0.58	0	30
NW_022145229.1_region	0	0	0.00	0	0
NW_022145230.1	3167	3987	1.26	0	20
NW_022145230.1_region	0	0	0.00	0	0
NW_022145231.1	3161	1291	0.41	0	32
NW_022145231.1_region	0	0	0.00	0	0
NW_022145233.1	3154	19203	6.09	0	90
NW_022145233.1_region	0	0	0.00	0	0
NW_022145234.1	3141	854	0.27	0	28
NW_022145234.1_region	0	0	0.00	0	0
NW_022145235.1	3124	82411	26.38	0	292
NW_022145235.1_region	0	0	0.00	0	0
NW_022145236.1	3116	4382	1.41	0	198
NW_022145236.1_region	0	0	0.00	0	0
NW_022145237.1	3114	57877	18.59	0	261
NW_022145237.1_region	0	0	0.00	0	0
NW_022145238.1	45709	6459	0.14	0	24
NW_022145238.1_region	0	0	0.00	0	0
NW_022145239.1	3091	717	0.23	0	10
NW_022145239.1_region	0	0	0.00	0	0
NW_022145240.1	3085	2220	0.72	0	40
NW_022145240.1_region	0	0	0.00	0	0
NW_022145241.1	3074	17314	5.63	0	140
NW_022145241.1_region	0	0	0.00	0	0
NW_022145242.1	3062	1258	0.41	0	16
NW_022145242.1_region	0	0	0.00	0	0
NW_022145243.1	3046	732	0.24	0	26
NW_022145243.1_region	0	0	0.00	0	0
NW_022145244.1	3045	1772	0.58	0	28
NW_022145244.1_region	0	0	0.00	0	0
NW_022145245.1	3020	211	0.07	0	3
NW_022145245.1_region	0	0	0.00	0	0
NW_022145246.1	3009	582	0.19	0	8
NW_022145246.1_region	0	0	0.00	0	0
NW_022145247.1	2958	703	0.24	0	2
NW_022145247.1_region	0	0	0.00	0	0
NW_022145248.1	2949	1199	0.41	0	14
NW_022145248.1_region	0	0	0.00	0	0
NW_022145249.1	29338	26228	0.89	0	103
NW_022145249.1_region	0	0	0.00	0	0
NW_022145250.1	2946	1397	0.47	0	35
NW_022145250.1_region	0	0	0.00	0	0
NW_022145251.1	2939	18203	6.19	0	50
NW_022145251.1_region	0	0	0.00	0	0
NW_022145252.1	2904	611	0.21	0	8
NW_022145252.1_region	0	0	0.00	0	0
NW_022145253.1	2889	127696	44.20	0	401
NW_022145253.1_region	0	0	0.00	0	0
NW_022145254.1	2888	2214	0.77	0	26
NW_022145254.1_region	0	0	0.00	0	0
NW_022145255.1	2888	153738	53.23	0	565
NW_022145255.1_region	0	0	0.00	0	0
NW_022145256.1	2876	18401	6.40	0	69
NW_022145256.1_region	0	0	0.00	0	0
NW_022145257.1	2866	1070	0.37	0	22
NW_022145257.1_region	0	0	0.00	0	0
NW_022145258.1	2861	1310	0.46	0	17
NW_022145258.1_region	0	0	0.00	0	0
NW_022145259.1	1344	6496	4.83	0	47
NW_022145259.1_region	0	0	0.00	0	0
NW_022145260.1	47144	10664	0.23	0	32
NW_022145260.1_region	0	0	0.00	0	0
NW_022145261.1	2843	557	0.20	0	12
NW_022145261.1_region	0	0	0.00	0	0
NW_022145262.1	2822	1991	0.71	0	16
NW_022145262.1_region	0	0	0.00	0	0
NW_022145263.1	2787	720	0.26	0	12
NW_022145263.1_region	0	0	0.00	0	0
NW_022145264.1	2772	1111	0.40	0	10
NW_022145264.1_region	0	0	0.00	0	0
NW_022145265.1	2767	451	0.16	0	10
NW_022145265.1_region	0	0	0.00	0	0
NW_022145266.1	2759	511	0.19	0	14
NW_022145266.1_region	0	0	0.00	0	0
NW_022145267.1	2749	23602	8.59	0	119
NW_022145267.1_region	0	0	0.00	0	0
NW_022145268.1	2741	891	0.33	0	13
NW_022145268.1_region	0	0	0.00	0	0
NW_022145269.1	2728	1646	0.60	0	18
NW_022145269.1_region	0	0	0.00	0	0
NW_022145270.1	2717	693	0.26	0	4
NW_022145270.1_region	0	0	0.00	0	0
NW_022145271.1	63049	26820	0.43	0	73
NW_022145271.1_region	0	0	0.00	0	0
NW_022145272.1	2707	1595	0.59	0	28
NW_022145272.1_region	0	0	0.00	0	0
NW_022145273.1	2703	1676	0.62	0	26
NW_022145273.1_region	0	0	0.00	0	0
NW_022145275.1	2658	1442	0.54	0	14
NW_022145275.1_region	0	0	0.00	0	0
NW_022145276.1	2639	489	0.19	0	10
NW_022145276.1_region	0	0	0.00	0	0
NW_022145277.1	2636	575	0.22	0	6
NW_022145277.1_region	0	0	0.00	0	0
NW_022145278.1	2628	228	0.09	0	4
NW_022145278.1_region	0	0	0.00	0	0
NW_022145279.1	2612	932	0.36	0	10
NW_022145279.1_region	0	0	0.00	0	0
NW_022145280.1	2578	20978	8.14	0	121
NW_022145280.1_region	0	0	0.00	0	0
NW_022145281.1	2532	648	0.26	0	8
NW_022145281.1_region	0	0	0.00	0	0
NW_022145282.1	32392	394	0.01	0	10
NW_022145282.1_region	0	0	0.00	0	0
NW_022145283.1	2515	9280	3.69	0	42
NW_022145283.1_region	0	0	0.00	0	0
NW_022145284.1	2502	1266	0.51	0	32
NW_022145284.1_region	0	0	0.00	0	0
NW_022145285.1	2496	647	0.26	0	5
NW_022145285.1_region	0	0	0.00	0	0
NW_022145286.1	2435	7864	3.23	0	58
NW_022145286.1_region	0	0	0.00	0	0
NW_022145287.1	2428	346	0.14	0	14
NW_022145287.1_region	0	0	0.00	0	0
NW_022145288.1	2392	1531	0.64	0	17
NW_022145288.1_region	0	0	0.00	0	0
NW_022145289.1	2386	1065	0.45	0	12
NW_022145289.1_region	0	0	0.00	0	0
NW_022145290.1	2275	278	0.12	0	4
NW_022145290.1_region	0	0	0.00	0	0
NW_022145291.1	2256	130	0.06	0	4
NW_022145291.1_region	0	0	0.00	0	0
NW_022145292.1	2232	541	0.24	0	12
NW_022145292.1_region	0	0	0.00	0	0
NW_022145293.1	59163	16044	0.27	0	65
NW_022145293.1_region	0	0	0.00	0	0
NW_022145294.1	2229	899	0.40	0	24
NW_022145294.1_region	0	0	0.00	0	0
NW_022145295.1	2226	2959	1.33	0	39
NW_022145295.1_region	0	0	0.00	0	0
NW_022145296.1	2220	702	0.32	0	18
NW_022145296.1_region	0	0	0.00	0	0
NW_022145297.1	2217	94329	42.55	0	447
NW_022145297.1_region	0	0	0.00	0	0
NW_022145298.1	2213	1107	0.50	0	14
NW_022145298.1_region	0	0	0.00	0	0
NW_022145299.1	2192	392	0.18	0	6
NW_022145299.1_region	0	0	0.00	0	0
NW_022145300.1	2175	2286	1.05	0	66
NW_022145300.1_region	0	0	0.00	0	0
NW_022145301.1	2168	13643	6.29	0	128
NW_022145301.1_region	0	0	0.00	0	0
NW_022145302.1	2157	63495	29.44	0	314
NW_022145302.1_region	0	0	0.00	0	0
NW_022145303.1	2145	1138	0.53	0	16
NW_022145303.1_region	0	0	0.00	0	0
NW_022145304.1	32983	5569	0.17	0	40
NW_022145304.1_region	0	0	0.00	0	0
NW_022145305.1	2135	585	0.27	0	8
NW_022145305.1_region	0	0	0.00	0	0
NW_022145306.1	2133	797	0.37	0	15
NW_022145306.1_region	0	0	0.00	0	0
NW_022145307.1	2129	261	0.12	0	4
NW_022145307.1_region	0	0	0.00	0	0
NW_022145308.1	2118	1386	0.65	0	21
NW_022145308.1_region	306	320	1.05	0	15
NW_022145309.1	2105	204	0.10	0	2
NW_022145309.1_region	0	0	0.00	0	0
NW_022145310.1	2099	283	0.13	0	6
NW_022145310.1_region	0	0	0.00	0	0
NW_022145311.1	2070	2652	1.28	0	26
NW_022145311.1_region	0	0	0.00	0	0
NW_022145312.1	2062	18786	9.11	0	66
NW_022145312.1_region	0	0	0.00	0	0
NW_022145313.1	2059	316	0.15	0	8
NW_022145313.1_region	0	0	0.00	0	0
NW_022145314.1	2052	805	0.39	0	27
NW_022145314.1_region	0	0	0.00	0	0
NW_022145315.1	56963	102501	1.80	0	322
NW_022145315.1_region	0	0	0.00	0	0
NW_022145316.1	2045	568	0.28	0	8
NW_022145316.1_region	0	0	0.00	0	0
NW_022145317.1	2026	549	0.27	0	6
NW_022145317.1_region	0	0	0.00	0	0
NW_022145318.1	1994	9050	4.54	0	42
NW_022145318.1_region	0	0	0.00	0	0
NW_022145319.1	1994	9997	5.01	0	58
NW_022145319.1_region	0	0	0.00	0	0
NW_022145320.1	1992	277	0.14	0	6
NW_022145320.1_region	0	0	0.00	0	0
NW_022145321.1	1988	754	0.38	0	6
NW_022145321.1_region	0	0	0.00	0	0
NW_022145322.1	1981	866	0.44	0	14
NW_022145322.1_region	0	0	0.00	0	0
NW_022145323.1	1965	5706	2.90	0	20
NW_022145323.1_region	0	0	0.00	0	0
NW_022145324.1	1960	4868	2.48	0	26
NW_022145324.1_region	329	3286	9.99	0	26
NW_022145325.1	1946	330	0.17	0	6
NW_022145325.1_region	0	0	0.00	0	0
NW_022145326.1	57626	2258	0.04	0	15
NW_022145326.1_region	0	0	0.00	0	0
NW_022145327.1	1943	3203	1.65	0	28
NW_022145327.1_region	0	0	0.00	0	0
NW_022145328.1	1939	1333	0.69	0	25
NW_022145328.1_region	0	0	0.00	0	0
NW_022145329.1	1929	3601	1.87	0	16
NW_022145329.1_region	0	0	0.00	0	0
NW_022145330.1	1926	616	0.32	0	6
NW_022145330.1_region	0	0	0.00	0	0
NW_022145331.1	1861	20887	11.22	0	46
NW_022145331.1_region	0	0	0.00	0	0
NW_022145332.1	1839	3656	1.99	0	26
NW_022145332.1_region	0	0	0.00	0	0
NW_022145333.1	1835	2563	1.40	0	37
NW_022145333.1_region	0	0	0.00	0	0
NW_022145334.1	1833	468	0.26	0	20
NW_022145334.1_region	1167	0	0.00	0	0
NW_022145335.1	1806	44271	24.51	0	156
NW_022145335.1_region	0	0	0.00	0	0
NW_022145336.1	1754	10897	6.21	0	98
NW_022145336.1_region	0	0	0.00	0	0
NW_022145337.1	54544	16722	0.31	0	32
NW_022145337.1_region	0	0	0.00	0	0
NW_022145338.1	1727	1426	0.83	0	18
NW_022145338.1_region	0	0	0.00	0	0
NW_022145339.1	1708	721	0.42	0	9
NW_022145339.1_region	0	0	0.00	0	0
NW_022145340.1	1659	1461	0.88	0	38
NW_022145340.1_region	0	0	0.00	0	0
NW_022145341.1	1599	120	0.08	0	4
NW_022145341.1_region	0	0	0.00	0	0
NW_022145342.1	1579	218	0.14	0	4
NW_022145342.1_region	0	0	0.00	0	0
NW_022145343.1	1570	236	0.15	0	6
NW_022145343.1_region	0	0	0.00	0	0
NW_022145344.1	1553	183	0.12	0	4
NW_022145344.1_region	0	0	0.00	0	0
NW_022145345.1	1540	541	0.35	0	9
NW_022145345.1_region	0	0	0.00	0	0
NW_022145346.1	1528	242	0.16	0	6
NW_022145346.1_region	0	0	0.00	0	0
NW_022145347.1	1523	54951	36.08	0	263
NW_022145347.1_region	0	0	0.00	0	0
NW_022145348.1	76140	129634	1.70	0	294
NW_022145348.1_region	0	0	0.00	0	0
NW_022145349.1	1511	4144	2.74	0	29
NW_022145349.1_region	0	0	0.00	0	0
NW_022145350.1	1492	933	0.63	0	15
NW_022145350.1_region	0	0	0.00	0	0
NW_022145351.1	1491	399	0.27	0	12
NW_022145351.1_region	0	0	0.00	0	0
NW_022145352.1	1490	214	0.14	0	6
NW_022145352.1_region	0	0	0.00	0	0
NW_022145354.1	1479	711	0.48	0	14
NW_022145354.1_region	0	0	0.00	0	0
NW_022145355.1	1460	1054	0.72	0	8
NW_022145355.1_region	0	0	0.00	0	0
NW_022145356.1	1428	1424	1.00	0	34
NW_022145356.1_region	0	0	0.00	0	0
NW_022145357.1	1387	1302	0.94	0	21
NW_022145357.1_region	0	0	0.00	0	0
NW_022145358.1	1384	801	0.58	0	16
NW_022145358.1_region	0	0	0.00	0	0
NW_022145359.1	60007	21912	0.37	0	81
NW_022145359.1_region	0	0	0.00	0	0
NW_022145360.1	1362	9606	7.05	0	39
NW_022145360.1_region	0	0	0.00	0	0
NW_022145361.1	1362	912	0.67	0	14
NW_022145361.1_region	0	0	0.00	0	0
NW_022145362.1	1300	918	0.71	0	20
NW_022145362.1_region	0	0	0.00	0	0
NW_022145363.1	1277	4335	3.39	0	15
NW_022145363.1_region	0	0	0.00	0	0
NW_022145364.1	1265	636	0.50	0	9
NW_022145364.1_region	0	0	0.00	0	0
NW_022145365.1	1255	2908	2.32	0	13
NW_022145365.1_region	0	0	0.00	0	0
NW_022145366.1	1254	2907	2.32	0	12
NW_022145366.1_region	0	0	0.00	0	0
NW_022145367.1	1154	1112	0.96	0	14
NW_022145367.1_region	0	0	0.00	0	0
NW_022145368.1	1142	934	0.82	0	8
NW_022145368.1_region	0	0	0.00	0	0
NW_022145369.1	1099	1318	1.20	0	8
NW_022145369.1_region	0	0	0.00	0	0
NW_022145370.1	74314	3483	0.05	0	18
NW_022145370.1_region	0	0	0.00	0	0
NW_022145371.1	1072	5595	5.22	0	17
NW_022145371.1_region	0	0	0.00	0	0
NW_022145372.1	1035	10279	9.93	0	38
NW_022145372.1_region	0	0	0.00	0	0
NW_022145373.1	1007	483	0.48	0	9
NW_022145373.1_region	0	0	0.00	0	0
NW_022145374.1	1000	722	0.72	0	6
NW_022145374.1_region	0	0	0.00	0	0
NW_022145375.1	10000	10356	1.04	0	17
NW_022145375.1_region	0	0	0.00	0	0
NW_022145376.1	25000	610937	24.44	0	374
NW_022145376.1_region	1591	20856	13.11	0	78
NW_022145377.1	50000	615389	12.31	0	842
NW_022145377.1_region	612	15424	25.20	0	129
NW_022145378.1	26863	14179	0.53	0	119
NW_022145378.1_region	0	0	0.00	0	0
NW_022145379.1	23852	5191	0.22	0	26
NW_022145379.1_region	1275	120	0.09	0	6
NW_022145380.1	23611	9027	0.38	0	22
NW_022145380.1_region	1430	38	0.03	0	2
NW_022145381.1	55218	88446	1.60	0	219
NW_022145381.1_region	0	0	0.00	0	0
NW_022145382.1	23435	7364	0.31	0	44
NW_022145382.1_region	0	0	0.00	0	0
NW_022145383.1	21401	6510	0.30	0	22
NW_022145383.1_region	0	0	0.00	0	0
NW_022145384.1	19291	10200	0.53	0	68
NW_022145384.1_region	0	0	0.00	0	0
NW_022145385.1	18791	4649	0.25	0	18
NW_022145385.1_region	0	0	0.00	0	0
NW_022145386.1	18617	9469	0.51	0	26
NW_022145386.1_region	0	0	0.00	0	0
NW_022145387.1	17981	6073	0.34	0	19
NW_022145387.1_region	0	0	0.00	0	0
NW_022145388.1	17946	9153	0.51	0	57
NW_022145388.1_region	0	0	0.00	0	0
NW_022145389.1	17857	7557	0.42	0	30
NW_022145389.1_region	0	0	0.00	0	0
NW_022145390.1	21857	9659	0.44	0	28
NW_022145390.1_region	589	0	0.00	0	0
NW_022145391.1	33930	52956	1.56	0	368
NW_022145391.1_region	0	0	0.00	0	0
NW_022145392.1	88843	678	0.01	0	8
NW_022145392.1_region	0	0	0.00	0	0
NW_022145393.1	22373	12596	0.56	0	28
NW_022145393.1_region	0	0	0.00	0	0
NW_022145394.1	20846	12082	0.58	0	135
NW_022145394.1_region	0	0	0.00	0	0
NW_022145395.1	18089	6534	0.36	0	46
NW_022145395.1_region	1125	52	0.05	0	2
NW_022145396.1	15624	6019	0.39	0	32
NW_022145396.1_region	0	0	0.00	0	0
NW_022145397.1	15314	4129	0.27	0	22
NW_022145397.1_region	3172	263	0.08	0	10
NW_022145398.1	146455	421	0.00	0	10
NW_022145398.1_region	0	0	0.00	0	0
NW_022145399.1	17799	3965	0.22	0	14
NW_022145399.1_region	0	0	0.00	0	0
NW_022145400.1	17257	7210	0.42	0	48
NW_022145400.1_region	1338	0	0.00	0	0
NW_022145401.1	16486	11300	0.69	0	80
NW_022145401.1_region	573	190	0.33	0	10
NW_022145402.1	15178	5982	0.39	0	35
NW_022145402.1_region	0	0	0.00	0	0
NW_022145403.1	45037	138	0.00	0	3
NW_022145403.1_region	0	0	0.00	0	0
NW_022145404.1	57045	2241	0.04	0	12
NW_022145404.1_region	0	0	0.00	0	0
NW_022145405.1	22053	6433	0.29	0	25
NW_022145405.1_region	0	0	0.00	0	0
NW_022145406.1	43925	17707	0.40	0	33
NW_022145406.1_region	0	0	0.00	0	0
NW_022145407.1	24217	12882	0.53	0	132
NW_022145407.1_region	5022	0	0.00	0	0
NW_022145408.1	16015	7756	0.48	0	167
NW_022145408.1_region	0	0	0.00	0	0
NW_022145409.1	71395	20863	0.29	0	34
NW_022145409.1_region	0	0	0.00	0	0
NW_022145410.1	73525	1587475	21.59	0	473
NW_022145410.1_region	0	0	0.00	0	0
NW_022145411.1	16065	9318	0.58	0	40
NW_022145411.1_region	740	0	0.00	0	0
NW_022145412.1	20205	9093	0.45	0	22
NW_022145412.1_region	0	0	0.00	0	0
NW_022145413.1	31795	2455	0.08	0	14
NW_022145413.1_region	0	0	0.00	0	0
NW_022145414.1	15341	5655	0.37	0	32
NW_022145414.1_region	0	0	0.00	0	0
NW_022145415.1	60355	26791	0.44	0	236
NW_022145415.1_region	0	0	0.00	0	0
NW_022145416.1	16986	10225	0.60	0	26
NW_022145416.1_region	1207	628	0.52	0	12
NW_022145417.1	51512	360	0.01	0	5
NW_022145417.1_region	0	0	0.00	0	0
NW_022145418.1	17001	7794	0.46	0	52
NW_022145418.1_region	0	0	0.00	0	0
NW_022145419.1	67720	289417	4.27	0	170
NW_022145419.1_region	2640	19183	7.27	0	46
NW_022145420.1	35402	88	0.00	0	2
NW_022145420.1_region	0	0	0.00	0	0
NW_022145421.1	23454	29325	1.25	0	500
NW_022145421.1_region	1191	0	0.00	0	0
NW_022145422.1	78273	18084	0.23	0	56
NW_022145422.1_region	0	0	0.00	0	0
NW_022145423.1	126508	341	0.00	0	8
NW_022145423.1_region	0	0	0.00	0	0
NW_022145424.1	62776	64531	1.03	0	321
NW_022145424.1_region	0	0	0.00	0	0
NW_022145425.1	30360	683	0.02	0	22
NW_022145425.1_region	0	0	0.00	0	0
NW_022145426.1	79185	34564	0.44	0	76
NW_022145426.1_region	0	0	0.00	0	0
NW_022145427.1	152116	297374	1.95	0	62
NW_022145427.1_region	10674	247020	23.14	0	62
NW_022145428.1	65691	221331	3.37	0	575
NW_022145428.1_region	0	0	0.00	0	0
NW_022145429.1	66232	546890	8.26	0	873
NW_022145429.1_region	919	5836	6.35	0	23
NW_022145430.1	42199	22771	0.54	0	110
NW_022145430.1_region	0	0	0.00	0	0
NW_022145431.1	56568	460622	8.14	0	540
NW_022145431.1_region	3939	53044	13.47	0	60
NW_022145432.1	111484	113492	1.02	0	170
NW_022145432.1_region	0	0	0.00	0	0
NW_022145433.1	30854	28677	0.93	0	113
NW_022145433.1_region	0	0	0.00	0	0
NW_022145434.1	18775	7910	0.42	0	64
NW_022145434.1_region	0	0	0.00	0	0
NW_022145435.1	122365	528198	4.32	0	565
NW_022145435.1_region	0	0	0.00	0	0
NW_022145436.1	31453	246	0.01	0	5
NW_022145436.1_region	0	0	0.00	0	0
NW_022145437.1	105348	259151	2.46	0	404
NW_022145437.1_region	1621	7358	4.54	0	31
NW_022145438.1	53375	301228	5.64	0	1574
NW_022145438.1_region	0	0	0.00	0	0
NW_022145439.1	77972	493381	6.33	0	531
NW_022145439.1_region	0	0	0.00	0	0
NW_022145440.1	82617	872158	10.56	0	336
NW_022145440.1_region	0	0	0.00	0	0
NW_022145441.1	62133	287552	4.63	0	1584
NW_022145441.1_region	0	0	0.00	0	0
NW_022145442.1	41935	6643	0.16	0	21
NW_022145442.1_region	0	0	0.00	0	0
NW_022145443.1	40287	2219979	55.10	0	13095
NW_022145443.1_region	0	0	0.00	0	0
NW_022145444.1	25197	3276	0.13	0	12
NW_022145444.1_region	0	0	0.00	0	0
NW_022145445.1	64732	15218	0.24	0	34
NW_022145445.1_region	0	0	0.00	0	0
NW_022145446.1	65218	485982	7.45	0	475
NW_022145446.1_region	0	0	0.00	0	0
NW_022145447.1	15922	12441	0.78	0	234
NW_022145447.1_region	0	0	0.00	0	0
NW_022145448.1	107340	8959	0.08	0	38
NW_022145448.1_region	0	0	0.00	0	0
NW_022145449.1	63868	604	0.01	0	10
NW_022145449.1_region	0	0	0.00	0	0
NW_022145450.1	33901	529	0.02	0	16
NW_022145450.1_region	0	0	0.00	0	0
NW_022145451.1	25217	314	0.01	0	6
NW_022145451.1_region	0	0	0.00	0	0
NW_022145452.1	61174	6061	0.10	0	152
NW_022145452.1_region	0	0	0.00	0	0
NW_022145453.1	70260	35261	0.50	0	74
NW_022145453.1_region	0	0	0.00	0	0
NW_022145454.1	46400	29618	0.64	0	242
NW_022145454.1_region	0	0	0.00	0	0
NW_022145455.1	47120	182	0.00	0	4
NW_022145455.1_region	0	0	0.00	0	0
NW_022145456.1	130804	1894834	14.49	0	1774
NW_022145456.1_region	4653	27548	5.92	0	64
NW_022145457.1	100977	4604416	45.60	0	11651
NW_022145457.1_region	6696	71104	10.62	0	99
NW_022145458.1	16456	7001	0.43	0	68
NW_022145458.1_region	0	0	0.00	0	0
NW_022145459.1	25000	181133	7.25	0	287
NW_022145459.1_region	0	0	0.00	0	0
NW_022145460.1	50000	579938	11.60	0	903
NW_022145460.1_region	650	22084	33.98	0	138
NW_022145461.1	50000	920430	18.41	0	994
NW_022145461.1_region	3013	230372	76.46	0	155
NW_022145462.1	50000	3304244	66.08	0	7307
NW_022145462.1_region	8349	354754	42.49	0	628
NW_022145463.1	50000	1191675	23.83	0	1448
NW_022145463.1_region	1710	51771	30.28	0	196
NW_022145464.1	50000	1931120	38.62	0	7044
NW_022145464.1_region	1987	34315	17.27	0	74
NW_022145465.1	15000	230365	15.36	0	144
NW_022145465.1_region	2130	50193	23.56	0	84
NW_022145466.1	5000	1068	0.21	0	6
NW_022145466.1_region	0	0	0.00	0	0
NW_022145467.1	25000	154230	6.17	0	537
NW_022145467.1_region	854	40	0.05	0	2
NW_022145468.1	25000	756	0.03	0	4
NW_022145468.1_region	0	0	0.00	0	0
NW_022145469.1	86957	35546	0.41	0	82
NW_022145469.1_region	0	0	0.00	0	0
NW_022145470.1	5000	4311	0.86	0	21
NW_022145470.1_region	0	0	0.00	0	0
NW_022145471.1	25000	170597	6.82	0	106
NW_022145471.1_region	0	0	0.00	0	0
NW_022145472.1	25000	134036	5.36	0	246
NW_022145472.1_region	0	0	0.00	0	0
NW_022145473.1	25000	5096	0.20	0	34
NW_022145473.1_region	0	0	0.00	0	0
NW_022145474.1	25000	1013382	40.54	0	2549
NW_022145474.1_region	4583	62943	13.73	0	836
NW_022145475.1	1000	20	0.02	0	1
NW_022145475.1_region	0	0	0.00	0	0
NW_022145476.1	50000	816080	16.32	0	987
NW_022145476.1_region	5958	38997	6.55	0	23
NW_022145477.1	25000	239050	9.56	0	296
NW_022145477.1_region	1769	39167	22.14	0	88
NW_022145478.1	50000	204156	4.08	0	167
NW_022145478.1_region	1912	111042	58.08	0	109
NW_022145479.1	5000	276779	55.36	0	1320
NW_022145479.1_region	0	0	0.00	0	0
NW_022145480.1	15847	6468	0.41	0	25
NW_022145480.1_region	0	0	0.00	0	0
NW_022145481.1	25000	188064	7.52	0	131
NW_022145481.1_region	1828	67861	37.12	0	96
NW_022145482.1	25000	241049	9.64	0	173
NW_022145482.1_region	6670	77445	11.61	0	72
NW_022145483.1	25000	49395	1.98	0	166
NW_022145483.1_region	0	0	0.00	0	0
NW_022145484.1	5000	10119	2.02	0	49
NW_022145484.1_region	1920	618	0.32	0	30
NW_022145485.1	5000	752	0.15	0	4
NW_022145485.1_region	0	0	0.00	0	0
NW_022145486.1	5000	21321	4.26	0	130
NW_022145486.1_region	0	0	0.00	0	0
NW_022145487.1	50000	560424	11.21	0	865
NW_022145487.1_region	5526	205934	37.27	0	117
NW_022145488.1	40000	404	0.01	0	12
NW_022145488.1_region	0	0	0.00	0	0
NW_022145489.1	25000	230344	9.21	0	102
NW_022145489.1_region	4981	132481	26.60	0	102
NW_022145490.1	50000	539339	10.79	0	1870
NW_022145490.1_region	0	0	0.00	0	0
NW_022145491.1	115136	659	0.01	0	8
NW_022145491.1_region	0	0	0.00	0	0
NW_022145492.1	50000	67294	1.35	0	264
NW_022145492.1_region	538	6927	12.88	0	27
NW_022145493.1	50000	452198	9.04	0	310
NW_022145493.1_region	1727	48216	27.92	0	102
NW_022145494.1	25000	391378	15.66	0	564
NW_022145494.1_region	0	0	0.00	0	0
NW_022145495.1	50000	975703	19.51	0	1836
NW_022145495.1_region	0	0	0.00	0	0
NW_022145496.1	25000	448463	17.94	0	667
NW_022145496.1_region	3257	135867	41.72	0	240
NW_022145497.1	25000	27418	1.10	0	73
NW_022145497.1_region	0	0	0.00	0	0
NW_022145498.1	25000	446037	17.84	0	370
NW_022145498.1_region	2020	111811	55.35	0	122
NW_022145499.1	50000	2257948	45.16	0	3753
NW_022145499.1_region	2727	241514	88.56	0	500
NW_022145500.1	25000	154383	6.18	0	598
NW_022145500.1_region	0	0	0.00	0	0
NW_022145501.1	25000	381060	15.24	0	1134
NW_022145501.1_region	0	0	0.00	0	0
NW_022145502.1	61323	912	0.01	0	16
NW_022145502.1_region	0	0	0.00	0	0
NW_022145503.1	25000	948360	37.93	0	11809
NW_022145503.1_region	0	0	0.00	0	0
NW_022145504.1	25000	208913	8.36	0	288
NW_022145504.1_region	818	27407	33.50	0	74
NW_022145505.1	25000	210	0.01	0	2
NW_022145505.1_region	0	0	0.00	0	0
NW_022145506.1	50000	1661959	33.24	0	2989
NW_022145506.1_region	5037	61692	12.25	0	56
NW_022145507.1	240000	1199128	5.00	0	1889
NW_022145507.1_region	27118	31641	1.17	0	78
NW_022145508.1	256744	1035404	4.03	0	721
NW_022145508.1_region	10955	351265	32.06	0	105
NW_022145509.1	50000	949823	19.00	0	839
NW_022145509.1_region	5447	235675	43.27	0	112
NW_022145510.1	50000	863833	17.28	0	556
NW_022145510.1_region	4232	296910	70.16	0	119
NW_022145511.1	125000	1045311	8.36	0	289
NW_022145511.1_region	956	41895	43.82	3	98
NW_022145512.1	264514	1904717	7.20	0	4368
NW_022145512.1_region	12524	170707	13.63	0	314
NW_022145513.1	15455	4721	0.31	0	27
NW_022145513.1_region	0	0	0.00	0	0
NW_022145514.1	1221726	23198652	18.99	0	6593
NW_022145514.1_region	109282	3496241	31.99	0	545
NW_022145515.1	446053	5959107	13.36	0	2161
NW_022145515.1_region	26078	737595	28.28	0	116
NW_022145516.1	1773824	27778290	15.66	0	5088
NW_022145516.1_region	80432	2686011	33.39	0	1219
NW_022145517.1	410634	6265746	15.26	0	5889
NW_022145517.1_region	36382	1025923	28.20	0	141
NW_022145518.1	296294	2914373	9.84	0	537
NW_022145518.1_region	33611	798352	23.75	0	103
NW_022145519.1	501666	10252824	20.44	0	8357
NW_022145519.1_region	63098	1741967	27.61	0	250
NW_022145520.1	2604766	43315151	16.63	0	7683
NW_022145520.1_region	212256	5846806	27.55	0	2426
NW_022145521.1	834627	13876669	16.63	0	3629
NW_022145521.1_region	62510	1674980	26.80	0	831
NW_022145522.1	601000	10751692	17.89	0	6479
NW_022145522.1_region	57876	1274935	22.03	0	454
NW_022145523.1	367191	4732121	12.89	0	1551
NW_022145523.1_region	27941	655275	23.45	0	186
NW_022145524.1	25673	28359	1.10	0	183
NW_022145524.1_region	1236	0	0.00	0	0
NW_022145525.1	496028	8209963	16.55	0	4108
NW_022145525.1_region	64256	1422349	22.14	0	1767
NW_022145526.1	2368880	52890304	22.33	0	16666
NW_022145526.1_region	177085	3985322	22.51	0	966
NW_022145527.1	766201	9916780	12.94	0	1528
NW_022145527.1_region	97046	2383900	24.56	0	217
NW_022145528.1	991221	18986581	19.15	0	19015
NW_022145528.1_region	65731	2216766	33.72	0	352
NW_022145529.1	437458	8722481	19.94	0	2567
NW_022145529.1_region	31770	972533	30.61	0	478
NW_022145530.1	684040	13872705	20.28	0	7023
NW_022145530.1_region	68328	2087280	30.55	0	215
NW_022145531.1	219183	2751459	12.55	0	2283
NW_022145531.1_region	23455	478755	20.41	0	242
NW_022145532.1	1289379	22132466	17.17	0	8392
NW_022145532.1_region	144914	3006220	20.74	0	286
NW_022145533.1	364073	7133880	19.59	0	8415
NW_022145533.1_region	43169	831509	19.26	0	128
NW_022145534.1	1128541	19652552	17.41	0	3730
NW_022145534.1_region	98475	2682528	27.24	0	218
NW_022145535.1	17605	6700	0.38	0	18
NW_022145535.1_region	0	0	0.00	0	0
NW_022145536.1	139137	1293609	9.30	0	315
NW_022145536.1_region	8764	194575	22.20	0	149
NW_022145537.1	426703	5414918	12.69	0	1199
NW_022145537.1_region	41974	1269743	30.25	0	493
NW_022145538.1	583819	7939705	13.60	0	1682
NW_022145538.1_region	59943	1305509	21.78	0	223
NW_022145539.1	1685109	34010308	20.18	0	11156
NW_022145539.1_region	134438	3802995	28.29	0	884
NW_022145540.1	549706	8061385	14.66	0	964
NW_022145540.1_region	89642	2542720	28.37	0	404
NW_022145541.1	1073309	17788876	16.57	0	5863
NW_022145541.1_region	80966	2209976	27.30	0	754
NW_022145542.1	1383299	19828944	14.33	0	2172
NW_022145542.1_region	137462	2476937	18.02	0	201
NW_022145543.1	1596249	27865897	17.46	0	5600
NW_022145543.1_region	159260	6028603	37.85	0	1343
NW_022145544.1	2048326	33222339	16.22	0	3132
NW_022145544.1_region	218318	6435199	29.48	0	1475
NW_022145545.1	1678063	27240135	16.23	0	2601
NW_022145545.1_region	224261	6161932	27.48	0	796
NW_022145546.1	53450	573	0.01	0	10
NW_022145546.1_region	0	0	0.00	0	0
NW_022145547.1	2234538	36505939	16.34	0	9180
NW_022145547.1_region	219929	5758089	26.18	0	1095
NW_022145548.1	722242	11326190	15.68	0	4567
NW_022145548.1_region	64020	1944912	30.38	0	281
NW_022145549.1	1791521	29233234	16.32	0	15581
NW_022145549.1_region	126550	4058868	32.07	0	631
NW_022145550.1	1496376	21759648	14.54	0	4801
NW_022145550.1_region	125726	3303680	26.28	0	512
NW_022145551.1	2795456	45366141	16.23	0	13575
NW_022145551.1_region	254034	7488937	29.48	0	1039
NW_022145552.1	2303257	50564742	21.95	0	8437
NW_022145552.1_region	247523	6640834	26.83	0	460
NW_022145553.1	1021577	15798910	15.47	0	3356
NW_022145553.1_region	75587	2093942	27.70	0	718
NW_022145554.1	2052140	36029892	17.56	0	6820
NW_022145554.1_region	246764	6476054	26.24	0	311
NW_022145555.1	898903	13132602	14.61	0	1786
NW_022145555.1_region	89441	2505560	28.01	0	308
NW_022145556.1	638884	5402880	8.46	0	6247
NW_022145556.1_region	7919	1094318	138.19	0	564
NW_022145557.1	22264	8940	0.40	0	86
NW_022145557.1_region	840	19	0.02	0	1
NW_022145558.1	2570869	40061125	15.58	0	15190
NW_022145558.1_region	200527	5166182	25.76	0	5959
NW_022145559.1	1083236	18087054	16.70	0	4995
NW_022145559.1_region	88119	2453729	27.85	0	752
NW_022145560.1	1242028	17461522	14.06	0	8123
NW_022145560.1_region	124116	2128684	17.15	0	527
NW_022145561.1	1175743	18014487	15.32	0	7687
NW_022145561.1_region	103482	3391572	32.77	0	456
NW_022145562.1	889695	16646290	18.71	0	1924
NW_022145562.1_region	54539	1655088	30.35	0	521
NW_022145563.1	1261903	19733634	15.64	0	7365
NW_022145563.1_region	137111	3191262	23.28	0	689
NW_022145564.1	710235	7599977	10.70	0	4127
NW_022145564.1_region	28828	522235	18.12	0	146
NW_022145565.1	722416	11369165	15.74	0	2288
NW_022145565.1_region	75245	1935872	25.73	0	1347
NW_022145566.1	3042594	52811538	17.36	0	7716
NW_022145566.1_region	348059	9279547	26.66	0	1059
NW_022145567.1	781304	12189501	15.60	0	2668
NW_022145567.1_region	70878	2575052	36.33	0	942
NW_022145568.1	22583	8677	0.38	0	25
NW_022145568.1_region	0	0	0.00	0	0
NW_022145569.1	494736	9142325	18.48	0	3361
NW_022145569.1_region	33337	717030	21.51	0	264
NW_022145570.1	4944709	76600358	15.49	0	9393
NW_022145570.1_region	427930	12034804	28.12	0	1025
NW_022145571.1	1505274	21553841	14.32	0	2162
NW_022145571.1_region	141637	3930431	27.75	0	508
NW_022145572.1	1505788	19609642	13.02	0	9318
NW_022145572.1_region	118078	3193329	27.04	0	747
NW_022145573.1	529305	8264979	15.61	0	3362
NW_022145573.1_region	45206	1312720	29.04	0	825
NW_022145574.1	1404637	19011054	13.53	0	2765
NW_022145574.1_region	140119	3272838	23.36	0	843
NW_022145575.1	3300603	56708655	17.18	0	11005
NW_022145575.1_region	262357	7170402	27.33	0	6192
NW_022145576.1	2906720	51147286	17.60	0	14893
NW_022145576.1_region	257482	7368824	28.62	0	1760
NW_022145577.1	252291	3992825	15.83	0	3470
NW_022145577.1_region	25499	556601	21.83	0	119
NW_022145578.1	630834	8377744	13.28	0	5689
NW_022145578.1_region	79747	2333544	29.26	0	1902
NW_022145579.1	83414	648	0.01	0	6
NW_022145579.1_region	0	0	0.00	0	0
NW_022145580.1	1039218	15792433	15.20	0	3927
NW_022145580.1_region	107627	2946623	27.38	0	833
NW_022145581.1	427848	6201469	14.49	0	12566
NW_022145581.1_region	47943	959228	20.01	0	211
NW_022145582.1	15763	5320	0.34	0	20
NW_022145582.1_region	1211	35	0.03	0	4
NW_022145583.1	16615	5946	0.36	0	66
NW_022145583.1_region	860	0	0.00	0	0
NW_022145584.1	16732	5483	0.33	0	18
NW_022145584.1_region	702	111	0.16	0	4
NW_022145585.1	21525	11145	0.52	0	60
NW_022145585.1_region	0	0	0.00	0	0
NW_022145586.1	22644	10763	0.48	0	23
NW_022145586.1_region	0	0	0.00	0	0
NW_022145587.1	22806	5932	0.26	0	14
NW_022145587.1_region	2589	198	0.08	0	4
NW_022145588.1	61109	10036	0.16	0	28
NW_022145588.1_region	0	0	0.00	0	0
NW_022145589.1	111277	220	0.00	0	11
NW_022145589.1_region	0	0	0.00	0	0
NW_022145590.1	98897	446	0.00	0	8
NW_022145590.1_region	0	0	0.00	0	0
NW_022145591.1	92921	31141	0.34	0	33
NW_022145591.1_region	0	0	0.00	0	0
NW_022145592.1	82943	2697	0.03	0	22
NW_022145592.1_region	0	0	0.00	0	0
NW_022145593.1	66312	78	0.00	0	1
NW_022145593.1_region	0	0	0.00	0	0
NW_022145594.1	53101916	1075528476	20.25	0	30301
NW_022145594.1_region	3518700	129405188	36.78	0	6875
NW_022145595.1	29984350	670924885	22.38	0	12714
NW_022145595.1_region	2698509	112337771	41.63	0	4043
NW_022145596.1	33320444	776978738	23.32	0	25893
NW_022145596.1_region	3291199	144261411	43.83	0	8051
NW_022145597.1	34141700	844951266	24.75	0	15034
NW_022145597.1_region	3034785	175552271	57.85	0	12865
NW_022145598.1	37305039	733351792	19.66	0	10533
NW_022145598.1_region	2728783	111459254	40.85	0	2183
NW_022145599.1	37767046	809348074	21.43	0	37097
NW_022145599.1_region	3894798	151181954	38.82	0	5801
NW_022145600.1	37282239	817291458	21.92	0	26602
NW_022145600.1_region	3441413	138324066	40.19	0	5084
NW_022145601.1	35007347	747862452	21.36	0	31153
NW_022145601.1_region	3029754	126965656	41.91	0	3837
NW_022145602.1	30021120	578028081	19.25	0	30110
NW_022145602.1_region	2255655	86403480	38.31	0	11320
NW_022145603.1	34285068	631853148	18.43	0	22987
NW_022145603.1_region	2227231	87440511	39.26	0	3219
NW_022145604.1	33742549	698615369	20.70	0	51157
NW_022145604.1_region	2908891	114044809	39.21	0	2981
NW_022145605.1	42589791	927435828	21.78	0	30817
NW_022145605.1_region	4109591	166376940	40.49	0	7368
NW_022145606.1	52437917	880890230	16.80	0	22581
NW_022145606.1_region	3179802	97731805	30.74	0	1945
NW_022145607.1	45798072	957605722	20.91	0	33742
NW_022145607.1_region	3702770	155932458	42.11	0	4127
NW_022145608.1	80573	226996	2.82	0	302
NW_022145608.1_region	446	7688	17.24	0	43
NW_022145609.1	39838600	858088692	21.54	0	34734
NW_022145609.1_region	3533833	143752300	40.68	0	11921
NW_022145610.1	35917773	780146385	21.72	0	23721
NW_022145610.1_region	3191992	135258719	42.37	0	5161
NW_022145611.1	45225044	1114243119	24.64	0	92486
NW_022145611.1_region	5090928	223295133	43.86	0	9764
NW_022145612.1	62154208	1455764425	23.42	0	15236
NW_022145612.1_region	7644422	311327199	40.73	0	5282
NW_022145613.1	39667378	988766440	24.93	0	20569
NW_022145613.1_region	4227065	207525810	49.09	0	11544
NW_022145614.1	33637615	847831191	25.20	0	21131
NW_022145614.1_region	3698046	163031429	44.09	0	6524
NW_022145615.1	35239632	866084918	24.58	0	36345
NW_022145615.1_region	3497029	158143429	45.22	0	3998
NC_001453.1	15650	463844	29.64	0	207
NC_001453.1_region	0	0	0.00	0	0
total	921850282	19402662523	21.05	0	92486
total_region	82299613	3335687758	40.53	0	12865
