chrom	length	bases	mean	min	max
NW_022144746.1	64836	232	0.00	0	10
NW_022144746.1_region	0	0	0.00	0	0
NW_022144747.1	60028	1044	0.02	0	10
NW_022144747.1_region	0	0	0.00	0	0
NW_022144748.1	57988	5689	0.10	0	13
NW_022144748.1_region	939	40	0.04	0	2
NW_022144749.1	56950	162	0.00	0	6
NW_022144749.1_region	0	0	0.00	0	0
NW_022144750.1	47351	383	0.01	0	5
NW_022144750.1_region	0	0	0.00	0	0
NW_022144751.1	44134	7564	0.17	0	33
NW_022144751.1_region	4170	66	0.02	0	2
NW_022144752.1	38760	76	0.00	0	2
NW_022144752.1_region	0	0	0.00	0	0
NW_022144753.1	32290	8624	0.27	0	27
NW_022144753.1_region	819	110	0.13	0	4
NW_022144754.1	30490	479	0.02	0	8
NW_022144754.1_region	0	0	0.00	0	0
NW_022144755.1	29101	10174	0.35	0	14
NW_022144755.1_region	0	0	0.00	0	0
NW_022144756.1	26146	7833	0.30	0	48
NW_022144756.1_region	0	0	0.00	0	0
NW_022144757.1	25658	7193	0.28	0	27
NW_022144757.1_region	2781	309	0.11	0	11
NW_022144758.1	25340	4047	0.16	0	12
NW_022144758.1_region	0	0	0.00	0	0
NW_022144759.1	25179	5715	0.23	0	20
NW_022144759.1_region	8430	1957	0.23	0	20
NW_022144760.1	24030	5990	0.25	0	78
NW_022144760.1_region	996	38	0.04	0	2
NW_022144761.1	23711	8582	0.36	0	38
NW_022144761.1_region	0	0	0.00	0	0
NW_022144762.1	23070	6704	0.29	0	19
NW_022144762.1_region	1032	44	0.04	0	2
NW_022144763.1	22953	4602	0.20	0	21
NW_022144763.1_region	2952	0	0.00	0	0
NW_022144764.1	22620	7380	0.33	0	42
NW_022144764.1_region	2640	46	0.02	0	4
NW_022144765.1	22433	906	0.04	0	11
NW_022144765.1_region	11148	361	0.03	0	8
NW_022144766.1	21973	8953	0.41	0	26
NW_022144766.1_region	0	0	0.00	0	0
NW_022144767.1	21667	8784	0.41	0	36
NW_022144767.1_region	0	0	0.00	0	0
NW_022144768.1	21625	4831	0.22	0	14
NW_022144768.1_region	0	0	0.00	0	0
NW_022144769.1	21387	4507	0.21	0	14
NW_022144769.1_region	0	0	0.00	0	0
NW_022144770.1	21139	4831	0.23	0	26
NW_022144770.1_region	3847	119	0.03	0	4
NW_022144771.1	21068	6087	0.29	0	16
NW_022144771.1_region	0	0	0.00	0	0
NW_022144772.1	21005	8340	0.40	0	94
NW_022144772.1_region	0	0	0.00	0	0
NW_022144773.1	20784	5641	0.27	0	16
NW_022144773.1_region	0	0	0.00	0	0
NW_022144774.1	20670	5199	0.25	0	16
NW_022144774.1_region	0	0	0.00	0	0
NW_022144775.1	20129	5226	0.26	0	18
NW_022144775.1_region	0	0	0.00	0	0
NW_022144776.1	19833	8466	0.43	0	30
NW_022144776.1_region	1593	128	0.08	0	6
NW_022144777.1	19372	12793	0.66	0	148
NW_022144777.1_region	0	0	0.00	0	0
NW_022144778.1	19224	2799	0.15	0	16
NW_022144778.1_region	1185	76	0.06	0	4
NW_022144779.1	18924	2961	0.16	0	22
NW_022144779.1_region	4515	309	0.07	0	6
NW_022144780.1	18903	5470	0.29	0	12
NW_022144780.1_region	0	0	0.00	0	0
NW_022144781.1	18719	5797	0.31	0	30
NW_022144781.1_region	0	0	0.00	0	0
NW_022144782.1	18716	6424	0.34	0	30
NW_022144782.1_region	0	0	0.00	0	0
NW_022144783.1	18557	5797	0.31	0	22
NW_022144783.1_region	312	0	0.00	0	0
NW_022144784.1	18439	3810	0.21	0	16
NW_022144784.1_region	0	0	0.00	0	0
NW_022144785.1	18330	6780	0.37	0	24
NW_022144785.1_region	0	0	0.00	0	0
NW_022144786.1	18214	7207	0.40	0	31
NW_022144786.1_region	0	0	0.00	0	0
NW_022144787.1	18153	5392	0.30	0	14
NW_022144787.1_region	0	0	0.00	0	0
NW_022144788.1	17951	14092	0.79	0	312
NW_022144788.1_region	0	0	0.00	0	0
NW_022144789.1	17798	50492	2.84	0	1973
NW_022144789.1_region	0	0	0.00	0	0
NW_022144790.1	17754	4308	0.24	0	14
NW_022144790.1_region	3724	240	0.06	0	8
NW_022144791.1	17648	4531	0.26	0	14
NW_022144791.1_region	0	0	0.00	0	0
NW_022144792.1	17542	6305	0.36	0	19
NW_022144792.1_region	1403	238	0.17	0	14
NW_022144793.1	17493	6407	0.37	0	70
NW_022144793.1_region	0	0	0.00	0	0
NW_022144794.1	17213	6757	0.39	0	64
NW_022144794.1_region	0	0	0.00	0	0
NW_022144795.1	17172	3847	0.22	0	18
NW_022144795.1_region	0	0	0.00	0	0
NW_022144796.1	17039	5124	0.30	0	18
NW_022144796.1_region	894	80	0.09	0	4
NW_022144797.1	17012	6061	0.36	0	35
NW_022144797.1_region	0	0	0.00	0	0
NW_022144798.1	16271	6815	0.42	0	34
NW_022144798.1_region	0	0	0.00	0	0
NW_022144799.1	16212	7223	0.45	0	18
NW_022144799.1_region	1650	196	0.12	0	8
NW_022144800.1	16196	3765	0.23	0	28
NW_022144800.1_region	0	0	0.00	0	0
NW_022144801.1	16082	7218	0.45	0	24
NW_022144801.1_region	0	0	0.00	0	0
NW_022144802.1	16073	5765	0.36	0	16
NW_022144802.1_region	0	0	0.00	0	0
NW_022144803.1	15882	5809	0.37	0	16
NW_022144803.1_region	0	0	0.00	0	0
NW_022144804.1	15872	5121	0.32	0	14
NW_022144804.1_region	1277	76	0.06	0	2
NW_022144805.1	15755	4503	0.29	0	20
NW_022144805.1_region	0	0	0.00	0	0
NW_022144806.1	15729	5633	0.36	0	13
NW_022144806.1_region	0	0	0.00	0	0
NW_022144807.1	15717	2429	0.15	0	17
NW_022144807.1_region	0	0	0.00	0	0
NW_022144808.1	15697	4394	0.28	0	24
NW_022144808.1_region	0	0	0.00	0	0
NW_022144809.1	15254	6131	0.40	0	29
NW_022144809.1_region	624	0	0.00	0	0
NW_022144810.1	15245	5115	0.34	0	20
NW_022144810.1_region	0	0	0.00	0	0
NW_022144811.1	15184	3667	0.24	0	22
NW_022144811.1_region	1176	0	0.00	0	0
NW_022144812.1	15180	2799	0.18	0	10
NW_022144812.1_region	0	0	0.00	0	0
NW_022144813.1	64470	279805	4.34	0	491
NW_022144813.1_region	2668	56534	21.19	0	133
NW_022144814.1	20273	6118	0.30	0	16
NW_022144814.1_region	0	0	0.00	0	0
NW_022144815.1	19793	9049	0.46	0	17
NW_022144815.1_region	0	0	0.00	0	0
NW_022144816.1	18134	5415	0.30	0	16
NW_022144816.1_region	555	0	0.00	0	0
NW_022144817.1	17838	8721	0.49	0	42
NW_022144817.1_region	0	0	0.00	0	0
NW_022144818.1	15663	7987	0.51	0	43
NW_022144818.1_region	0	0	0.00	0	0
NW_022144819.1	25897	116964	4.52	0	211
NW_022144819.1_region	1580	23138	14.64	0	50
NW_022144820.1	14953	2968	0.20	0	10
NW_022144820.1_region	0	0	0.00	0	0
NW_022144821.1	14859	6668	0.45	0	80
NW_022144821.1_region	0	0	0.00	0	0
NW_022144822.1	14838	952	0.06	0	7
NW_022144822.1_region	0	0	0.00	0	0
NW_022144823.1	14815	6247	0.42	0	15
NW_022144823.1_region	0	0	0.00	0	0
NW_022144824.1	14806	7916	0.53	0	21
NW_022144824.1_region	0	0	0.00	0	0
NW_022144825.1	14766	5030	0.34	0	30
NW_022144825.1_region	0	0	0.00	0	0
NW_022144826.1	14747	5767	0.39	0	31
NW_022144826.1_region	0	0	0.00	0	0
NW_022144827.1	14741	5057	0.34	0	18
NW_022144827.1_region	0	0	0.00	0	0
NW_022144828.1	14710	4041	0.27	0	54
NW_022144828.1_region	1104	114	0.10	0	6
NW_022144829.1	14707	5903	0.40	0	20
NW_022144829.1_region	0	0	0.00	0	0
NW_022144830.1	14679	5482	0.37	0	34
NW_022144830.1_region	549	0	0.00	0	0
NW_022144831.1	14604	5438	0.37	0	76
NW_022144831.1_region	0	0	0.00	0	0
NW_022144832.1	14536	4726	0.33	0	19
NW_022144832.1_region	0	0	0.00	0	0
NW_022144833.1	14472	6397	0.44	0	23
NW_022144833.1_region	0	0	0.00	0	0
NW_022144834.1	14424	6098	0.42	0	66
NW_022144834.1_region	0	0	0.00	0	0
NW_022144835.1	14392	47317	3.29	0	127
NW_022144835.1_region	0	0	0.00	0	0
NW_022144836.1	14366	3947	0.27	0	18
NW_022144836.1_region	0	0	0.00	0	0
NW_022144837.1	14316	5006	0.35	0	22
NW_022144837.1_region	474	0	0.00	0	0
NW_022144838.1	14178	5777	0.41	0	14
NW_022144838.1_region	557	0	0.00	0	0
NW_022144839.1	14036	6112	0.44	0	28
NW_022144839.1_region	0	0	0.00	0	0
NW_022144840.1	13984	5245	0.38	0	21
NW_022144840.1_region	0	0	0.00	0	0
NW_022144841.1	13922	3525	0.25	0	10
NW_022144841.1_region	642	0	0.00	0	0
NW_022144842.1	13691	9897	0.72	0	82
NW_022144842.1_region	765	20	0.03	0	1
NW_022144843.1	13690	3631	0.27	0	16
NW_022144843.1_region	825	186	0.23	0	6
NW_022144844.1	13628	2708	0.20	0	16
NW_022144844.1_region	975	1	0.00	0	1
NW_022144845.1	13496	4510	0.33	0	18
NW_022144845.1_region	0	0	0.00	0	0
NW_022144846.1	13451	3259	0.24	0	14
NW_022144846.1_region	0	0	0.00	0	0
NW_022144847.1	13443	5251	0.39	0	26
NW_022144847.1_region	0	0	0.00	0	0
NW_022144848.1	13325	3977	0.30	0	16
NW_022144848.1_region	0	0	0.00	0	0
NW_022144849.1	13232	3633	0.27	0	14
NW_022144849.1_region	501	0	0.00	0	0
NW_022144850.1	13217	1701	0.13	0	15
NW_022144850.1_region	0	0	0.00	0	0
NW_022144851.1	13037	4594	0.35	0	25
NW_022144851.1_region	0	0	0.00	0	0
NW_022144852.1	13005	2314	0.18	0	13
NW_022144852.1_region	0	0	0.00	0	0
NW_022144853.1	12874	109	0.01	0	1
NW_022144853.1_region	0	0	0.00	0	0
NW_022144854.1	12677	5456	0.43	0	26
NW_022144854.1_region	0	0	0.00	0	0
NW_022144855.1	12615	4348	0.34	0	31
NW_022144855.1_region	0	0	0.00	0	0
NW_022144856.1	12598	3478	0.28	0	16
NW_022144856.1_region	0	0	0.00	0	0
NW_022144857.1	12436	2774	0.22	0	14
NW_022144857.1_region	0	0	0.00	0	0
NW_022144858.1	12426	3111	0.25	0	16
NW_022144858.1_region	0	0	0.00	0	0
NW_022144859.1	12331	4472	0.36	0	21
NW_022144859.1_region	690	0	0.00	0	0
NW_022144860.1	12325	3391	0.28	0	44
NW_022144860.1_region	0	0	0.00	0	0
NW_022144861.1	12317	8485	0.69	0	66
NW_022144861.1_region	0	0	0.00	0	0
NW_022144862.1	12297	4956	0.40	0	26
NW_022144862.1_region	657	152	0.23	0	6
NW_022144863.1	12291	4911	0.40	0	23
NW_022144863.1_region	0	0	0.00	0	0
NW_022144864.1	12247	4188	0.34	0	25
NW_022144864.1_region	0	0	0.00	0	0
NW_022144865.1	12235	2357	0.19	0	12
NW_022144865.1_region	495	0	0.00	0	0
NW_022144866.1	12202	3376	0.28	0	8
NW_022144866.1_region	0	0	0.00	0	0
NW_022144867.1	12165	2912	0.24	0	13
NW_022144867.1_region	0	0	0.00	0	0
NW_022144868.1	12125	3956	0.33	0	45
NW_022144868.1_region	0	0	0.00	0	0
NW_022144869.1	12087	2045	0.17	0	9
NW_022144869.1_region	0	0	0.00	0	0
NW_022144870.1	11997	3044	0.25	0	10
NW_022144870.1_region	0	0	0.00	0	0
NW_022144871.1	11989	6603	0.55	0	33
NW_022144871.1_region	0	0	0.00	0	0
NW_022144872.1	11899	11189	0.94	0	161
NW_022144872.1_region	0	0	0.00	0	0
NW_022144873.1	11852	4793	0.40	0	25
NW_022144873.1_region	1830	1244	0.68	0	24
NW_022144874.1	11838	3380	0.29	0	14
NW_022144874.1_region	0	0	0.00	0	0
NW_022144875.1	11825	3308	0.28	0	18
NW_022144875.1_region	469	38	0.08	0	2
NW_022144876.1	11673	8846	0.76	0	142
NW_022144876.1_region	0	0	0.00	0	0
NW_022144877.1	11635	4514	0.39	0	22
NW_022144877.1_region	0	0	0.00	0	0
NW_022144878.1	11630	1557	0.13	0	12
NW_022144878.1_region	1896	76	0.04	0	4
NW_022144879.1	11539	4372	0.38	0	32
NW_022144879.1_region	0	0	0.00	0	0
NW_022144880.1	11518	3627	0.31	0	15
NW_022144880.1_region	0	0	0.00	0	0
NW_022144881.1	11448	2700	0.24	0	20
NW_022144881.1_region	0	0	0.00	0	0
NW_022144882.1	11400	4749	0.42	0	32
NW_022144882.1_region	0	0	0.00	0	0
NW_022144883.1	11312	2134	0.19	0	16
NW_022144883.1_region	0	0	0.00	0	0
NW_022144884.1	11268	5464	0.48	0	50
NW_022144884.1_region	0	0	0.00	0	0
NW_022144885.1	11127	4510	0.41	0	13
NW_022144885.1_region	0	0	0.00	0	0
NW_022144886.1	74569	246004	3.30	0	816
NW_022144886.1_region	0	0	0.00	0	0
NW_022144887.1	11069	4297	0.39	0	22
NW_022144887.1_region	0	0	0.00	0	0
NW_022144888.1	11058	4665	0.42	0	33
NW_022144888.1_region	0	0	0.00	0	0
NW_022144889.1	11056	3461	0.31	0	12
NW_022144889.1_region	0	0	0.00	0	0
NW_022144890.1	10990	3501	0.32	0	11
NW_022144890.1_region	957	6	0.01	0	4
NW_022144891.1	10968	6125	0.56	0	156
NW_022144891.1_region	0	0	0.00	0	0
NW_022144892.1	10910	1712	0.16	0	11
NW_022144892.1_region	0	0	0.00	0	0
NW_022144893.1	10903	3392	0.31	0	15
NW_022144893.1_region	0	0	0.00	0	0
NW_022144894.1	10814	3150	0.29	0	16
NW_022144894.1_region	0	0	0.00	0	0
NW_022144895.1	10747	2152	0.20	0	10
NW_022144895.1_region	0	0	0.00	0	0
NW_022144896.1	10744	2142	0.20	0	15
NW_022144896.1_region	1205	48	0.04	0	2
NW_022144897.1	116516	1855005	15.92	0	2018
NW_022144897.1_region	8798	175	0.02	0	5
NW_022144898.1	10667	44744	4.19	0	293
NW_022144898.1_region	503	405	0.81	0	6
NW_022144899.1	10605	4671	0.44	0	16
NW_022144899.1_region	0	0	0.00	0	0
NW_022144900.1	10598	4410	0.42	0	22
NW_022144900.1_region	0	0	0.00	0	0
NW_022144901.1	10582	1592	0.15	0	13
NW_022144901.1_region	1699	152	0.09	0	8
NW_022144902.1	10532	3767	0.36	0	29
NW_022144902.1_region	0	0	0.00	0	0
NW_022144903.1	10529	6127	0.58	0	76
NW_022144903.1_region	0	0	0.00	0	0
NW_022144904.1	10526	3055	0.29	0	14
NW_022144904.1_region	335	0	0.00	0	0
NW_022144905.1	10508	1889	0.18	0	14
NW_022144905.1_region	0	0	0.00	0	0
NW_022144906.1	10376	5547	0.53	0	36
NW_022144906.1_region	395	0	0.00	0	0
NW_022144907.1	10259	1439	0.14	0	12
NW_022144907.1_region	0	0	0.00	0	0
NW_022144908.1	57212	571765	9.99	0	4592
NW_022144908.1_region	0	0	0.00	0	0
NW_022144909.1	10257	3554	0.35	0	23
NW_022144909.1_region	0	0	0.00	0	0
NW_022144910.1	10238	4762	0.47	0	24
NW_022144910.1_region	0	0	0.00	0	0
NW_022144911.1	10215	2737	0.27	0	10
NW_022144911.1_region	1194	238	0.20	0	10
NW_022144912.1	10118	3526	0.35	0	16
NW_022144912.1_region	0	0	0.00	0	0
NW_022144913.1	10045	4604	0.46	0	19
NW_022144913.1_region	0	0	0.00	0	0
NW_022144914.1	10027	3565	0.36	0	22
NW_022144914.1_region	0	0	0.00	0	0
NW_022144915.1	10023	7501	0.75	0	29
NW_022144915.1_region	0	0	0.00	0	0
NW_022144916.1	9977	3167	0.32	0	16
NW_022144916.1_region	0	0	0.00	0	0
NW_022144917.1	9968	2997	0.30	0	21
NW_022144917.1_region	0	0	0.00	0	0
NW_022144918.1	9948	3798	0.38	0	27
NW_022144918.1_region	0	0	0.00	0	0
NW_022144919.1	101694	1085378	10.67	0	397
NW_022144919.1_region	0	0	0.00	0	0
NW_022144920.1	9893	2040	0.21	0	10
NW_022144920.1_region	0	0	0.00	0	0
NW_022144921.1	9870	3507	0.36	0	30
NW_022144921.1_region	0	0	0.00	0	0
NW_022144922.1	9860	2607	0.26	0	8
NW_022144922.1_region	0	0	0.00	0	0
NW_022144923.1	9823	3878	0.39	0	18
NW_022144923.1_region	0	0	0.00	0	0
NW_022144924.1	9823	3650	0.37	0	15
NW_022144924.1_region	0	0	0.00	0	0
NW_022144925.1	9791	3256	0.33	0	18
NW_022144925.1_region	333	0	0.00	0	0
NW_022144926.1	9769	3200	0.33	0	14
NW_022144926.1_region	1017	0	0.00	0	0
NW_022144927.1	9710	3542	0.36	0	24
NW_022144927.1_region	0	0	0.00	0	0
NW_022144928.1	9694	2968	0.31	0	14
NW_022144928.1_region	740	90	0.12	0	4
NW_022144929.1	9642	2791	0.29	0	17
NW_022144929.1_region	0	0	0.00	0	0
NW_022144930.1	49449	557191	11.27	0	592
NW_022144930.1_region	920	7696	8.37	0	37
NW_022144931.1	9636	4323	0.45	0	82
NW_022144931.1_region	1002	81	0.08	0	2
NW_022144932.1	9590	3866	0.40	0	14
NW_022144932.1_region	0	0	0.00	0	0
NW_022144933.1	9519	72104	7.57	0	269
NW_022144933.1_region	0	0	0.00	0	0
NW_022144934.1	9503	4093	0.43	0	28
NW_022144934.1_region	586	0	0.00	0	0
NW_022144935.1	9369	3477	0.37	0	30
NW_022144935.1_region	0	0	0.00	0	0
NW_022144936.1	9315	4433	0.48	0	14
NW_022144936.1_region	0	0	0.00	0	0
NW_022144937.1	9305	4006	0.43	0	28
NW_022144937.1_region	0	0	0.00	0	0
NW_022144938.1	9294	3776	0.41	0	16
NW_022144938.1_region	0	0	0.00	0	0
NW_022144939.1	9275	2525	0.27	0	24
NW_022144939.1_region	0	0	0.00	0	0
NW_022144940.1	9267	2905	0.31	0	22
NW_022144940.1_region	0	0	0.00	0	0
NW_022144941.1	159342	904448	5.68	0	825
NW_022144941.1_region	10419	89344	8.58	0	71
NW_022144942.1	9236	5323	0.58	0	17
NW_022144942.1_region	0	0	0.00	0	0
NW_022144943.1	9207	2765	0.30	0	19
NW_022144943.1_region	0	0	0.00	0	0
NW_022144944.1	9202	2830	0.31	0	12
NW_022144944.1_region	0	0	0.00	0	0
NW_022144945.1	9131	2985	0.33	0	23
NW_022144945.1_region	489	0	0.00	0	0
NW_022144946.1	9108	3652	0.40	0	16
NW_022144946.1_region	0	0	0.00	0	0
NW_022144947.1	9060	3905	0.43	0	52
NW_022144947.1_region	0	0	0.00	0	0
NW_022144948.1	9047	3455	0.38	0	14
NW_022144948.1_region	627	152	0.24	0	8
NW_022144949.1	9042	3872	0.43	0	19
NW_022144949.1_region	0	0	0.00	0	0
NW_022144950.1	8932	2379	0.27	0	21
NW_022144950.1_region	0	0	0.00	0	0
NW_022144951.1	8878	4078	0.46	0	35
NW_022144951.1_region	0	0	0.00	0	0
NW_022144952.1	134345	451928	3.36	0	1618
NW_022144952.1_region	6643	36857	5.55	0	31
NW_022144953.1	8840	1032	0.12	0	6
NW_022144953.1_region	0	0	0.00	0	0
NW_022144954.1	8825	2471	0.28	0	18
NW_022144954.1_region	468	0	0.00	0	0
NW_022144955.1	8703	4168	0.48	0	29
NW_022144955.1_region	0	0	0.00	0	0
NW_022144956.1	8644	3424	0.40	0	22
NW_022144956.1_region	0	0	0.00	0	0
NW_022144957.1	8617	3434	0.40	0	26
NW_022144957.1_region	0	0	0.00	0	0
NW_022144958.1	8592	4291	0.50	0	42
NW_022144958.1_region	0	0	0.00	0	0
NW_022144959.1	8588	2114	0.25	0	12
NW_022144959.1_region	0	0	0.00	0	0
NW_022144960.1	8539	2743	0.32	0	13
NW_022144960.1_region	0	0	0.00	0	0
NW_022144961.1	8519	2208	0.26	0	11
NW_022144961.1_region	0	0	0.00	0	0
NW_022144962.1	8514	3656	0.43	0	18
NW_022144962.1_region	0	0	0.00	0	0
NW_022144963.1	63343	394927	6.23	0	535
NW_022144963.1_region	868	26151	30.13	0	121
NW_022144964.1	8499	3939	0.46	0	29
NW_022144964.1_region	0	0	0.00	0	0
NW_022144965.1	8462	3675	0.43	0	22
NW_022144965.1_region	0	0	0.00	0	0
NW_022144966.1	8446	4976	0.59	0	20
NW_022144966.1_region	0	0	0.00	0	0
NW_022144967.1	8427	1593	0.19	0	16
NW_022144967.1_region	0	0	0.00	0	0
NW_022144968.1	8371	2603	0.31	0	23
NW_022144968.1_region	0	0	0.00	0	0
NW_022144969.1	8367	3382	0.40	0	17
NW_022144969.1_region	0	0	0.00	0	0
NW_022144970.1	8351	868	0.10	0	8
NW_022144970.1_region	987	152	0.15	0	8
NW_022144971.1	8336	2454	0.29	0	12
NW_022144971.1_region	0	0	0.00	0	0
NW_022144972.1	8298	4070	0.49	0	85
NW_022144972.1_region	0	0	0.00	0	0
NW_022144973.1	8278	2073	0.25	0	12
NW_022144973.1_region	0	0	0.00	0	0
NW_022144974.1	161611	3057649	18.92	0	2617
NW_022144974.1_region	0	0	0.00	0	0
NW_022144975.1	8272	3231	0.39	0	70
NW_022144975.1_region	995	40	0.04	0	2
NW_022144976.1	8270	4706	0.57	0	132
NW_022144976.1_region	0	0	0.00	0	0
NW_022144977.1	8265	3526	0.43	0	28
NW_022144977.1_region	0	0	0.00	0	0
NW_022144978.1	8229	1982	0.24	0	12
NW_022144978.1_region	0	0	0.00	0	0
NW_022144979.1	8217	2268	0.28	0	14
NW_022144979.1_region	0	0	0.00	0	0
NW_022144980.1	8208	2994	0.36	0	14
NW_022144980.1_region	0	0	0.00	0	0
NW_022144981.1	8193	425342	51.92	0	3160
NW_022144981.1_region	0	0	0.00	0	0
NW_022144982.1	8177	5754	0.70	0	58
NW_022144982.1_region	0	0	0.00	0	0
NW_022144983.1	8151	2204	0.27	0	30
NW_022144983.1_region	0	0	0.00	0	0
NW_022144984.1	8029	2224	0.28	0	21
NW_022144984.1_region	0	0	0.00	0	0
NW_022144985.1	24776	15929	0.64	0	114
NW_022144985.1_region	0	0	0.00	0	0
NW_022144986.1	8004	3427	0.43	0	16
NW_022144986.1_region	0	0	0.00	0	0
NW_022144987.1	7998	2639	0.33	0	15
NW_022144987.1_region	0	0	0.00	0	0
NW_022144988.1	7984	1006	0.13	0	12
NW_022144988.1_region	0	0	0.00	0	0
NW_022144989.1	7982	1911	0.24	0	10
NW_022144989.1_region	0	0	0.00	0	0
NW_022144990.1	7899	1771	0.22	0	13
NW_022144990.1_region	0	0	0.00	0	0
NW_022144991.1	7891	2771	0.35	0	14
NW_022144991.1_region	0	0	0.00	0	0
NW_022144992.1	7805	4509	0.58	0	56
NW_022144992.1_region	0	0	0.00	0	0
NW_022144993.1	7728	2199	0.28	0	18
NW_022144993.1_region	0	0	0.00	0	0
NW_022144994.1	7684	1805	0.23	0	12
NW_022144994.1_region	0	0	0.00	0	0
NW_022144995.1	7678	1393	0.18	0	14
NW_022144995.1_region	0	0	0.00	0	0
NW_022144996.1	71277	215080	3.02	0	612
NW_022144996.1_region	0	0	0.00	0	0
NW_022144997.1	7613	2355	0.31	0	29
NW_022144997.1_region	0	0	0.00	0	0
NW_022144998.1	7609	1744	0.23	0	16
NW_022144998.1_region	0	0	0.00	0	0
NW_022144999.1	7608	3565	0.47	0	10
NW_022144999.1_region	0	0	0.00	0	0
NW_022145000.1	7606	2073	0.27	0	16
NW_022145000.1_region	0	0	0.00	0	0
NW_022145001.1	7549	905	0.12	0	4
NW_022145001.1_region	0	0	0.00	0	0
NW_022145002.1	7546	2019	0.27	0	22
NW_022145002.1_region	471	0	0.00	0	0
NW_022145003.1	7508	1732	0.23	0	14
NW_022145003.1_region	0	0	0.00	0	0
NW_022145004.1	7486	2103	0.28	0	11
NW_022145004.1_region	450	0	0.00	0	0
NW_022145005.1	7447	2285	0.31	0	22
NW_022145005.1_region	469	0	0.00	0	0
NW_022145006.1	7443	4295	0.58	0	64
NW_022145006.1_region	0	0	0.00	0	0
NW_022145007.1	83156	663179	7.98	0	3030
NW_022145007.1_region	0	0	0.00	0	0
NW_022145008.1	7433	2835	0.38	0	12
NW_022145008.1_region	0	0	0.00	0	0
NW_022145009.1	7407	1636	0.22	0	18
NW_022145009.1_region	0	0	0.00	0	0
NW_022145010.1	7379	1785	0.24	0	16
NW_022145010.1_region	0	0	0.00	0	0
NW_022145011.1	7365	2060	0.28	0	17
NW_022145011.1_region	0	0	0.00	0	0
NW_022145012.1	7323	2580	0.35	0	47
NW_022145012.1_region	0	0	0.00	0	0
NW_022145013.1	7318	2054	0.28	0	18
NW_022145013.1_region	1291	72	0.06	0	2
NW_022145014.1	7312	2037	0.28	0	10
NW_022145014.1_region	0	0	0.00	0	0
NW_022145015.1	7291	2058	0.28	0	22
NW_022145015.1_region	0	0	0.00	0	0
NW_022145016.1	7291	2408	0.33	0	12
NW_022145016.1_region	531	0	0.00	0	0
NW_022145017.1	7290	1216	0.17	0	6
NW_022145017.1_region	0	0	0.00	0	0
NW_022145018.1	387561	3341895	8.62	0	1467
NW_022145018.1_region	15709	291419	18.55	0	339
NW_022145019.1	7256	2182	0.30	0	26
NW_022145019.1_region	0	0	0.00	0	0
NW_022145020.1	7195	4934	0.69	0	62
NW_022145020.1_region	0	0	0.00	0	0
NW_022145021.1	7190	13017	1.81	0	63
NW_022145021.1_region	0	0	0.00	0	0
NW_022145022.1	7187	2766	0.38	0	15
NW_022145022.1_region	0	0	0.00	0	0
NW_022145023.1	7105	712	0.10	0	8
NW_022145023.1_region	0	0	0.00	0	0
NW_022145024.1	7072	2288	0.32	0	14
NW_022145024.1_region	690	190	0.28	0	6
NW_022145025.1	6971	3156	0.45	0	14
NW_022145025.1_region	0	0	0.00	0	0
NW_022145026.1	6961	2435	0.35	0	16
NW_022145026.1_region	0	0	0.00	0	0
NW_022145027.1	6912	1947	0.28	0	13
NW_022145027.1_region	0	0	0.00	0	0
NW_022145028.1	6909	1982	0.29	0	10
NW_022145028.1_region	0	0	0.00	0	0
NW_022145029.1	136630	853388	6.25	0	816
NW_022145029.1_region	1579	533	0.34	0	42
NW_022145030.1	6887	645	0.09	0	8
NW_022145030.1_region	0	0	0.00	0	0
NW_022145031.1	6886	1372	0.20	0	12
NW_022145031.1_region	0	0	0.00	0	0
NW_022145032.1	6870	2280	0.33	0	18
NW_022145032.1_region	0	0	0.00	0	0
NW_022145033.1	6839	2356	0.34	0	14
NW_022145033.1_region	1329	38	0.03	0	2
NW_022145034.1	6827	3566	0.52	0	12
NW_022145034.1_region	0	0	0.00	0	0
NW_022145035.1	6767	2660	0.39	0	16
NW_022145035.1_region	537	0	0.00	0	0
NW_022145036.1	6748	1486	0.22	0	10
NW_022145036.1_region	0	0	0.00	0	0
NW_022145037.1	6730	5167	0.77	0	81
NW_022145037.1_region	0	0	0.00	0	0
NW_022145038.1	6694	1178	0.18	0	10
NW_022145038.1_region	278	0	0.00	0	0
NW_022145039.1	6606	3678	0.56	0	23
NW_022145039.1_region	0	0	0.00	0	0
NW_022145040.1	120375	88024	0.73	0	330
NW_022145040.1_region	0	0	0.00	0	0
NW_022145041.1	6594	2495	0.38	0	18
NW_022145041.1_region	1332	36	0.03	0	2
NW_022145042.1	6590	2374	0.36	0	12
NW_022145042.1_region	0	0	0.00	0	0
NW_022145043.1	6510	1792	0.28	0	14
NW_022145043.1_region	0	0	0.00	0	0
NW_022145044.1	6461	2767	0.43	0	46
NW_022145044.1_region	0	0	0.00	0	0
NW_022145045.1	6450	1292	0.20	0	24
NW_022145045.1_region	0	0	0.00	0	0
NW_022145046.1	6448	2609	0.40	0	24
NW_022145046.1_region	0	0	0.00	0	0
NW_022145047.1	6422	3002	0.47	0	15
NW_022145047.1_region	0	0	0.00	0	0
NW_022145048.1	6417	737	0.11	0	10
NW_022145048.1_region	0	0	0.00	0	0
NW_022145049.1	6412	1207	0.19	0	19
NW_022145049.1_region	0	0	0.00	0	0
NW_022145050.1	6336	1761	0.28	0	16
NW_022145050.1_region	1079	306	0.28	0	16
NW_022145051.1	69137	52044	0.75	0	133
NW_022145051.1_region	0	0	0.00	0	0
NW_022145052.1	6319	2152	0.34	0	11
NW_022145052.1_region	0	0	0.00	0	0
NW_022145053.1	6318	2780	0.44	0	16
NW_022145053.1_region	0	0	0.00	0	0
NW_022145054.1	6313	2194	0.35	0	12
NW_022145054.1_region	0	0	0.00	0	0
NW_022145055.1	6268	400	0.06	0	10
NW_022145055.1_region	0	0	0.00	0	0
NW_022145056.1	6197	1840	0.30	0	14
NW_022145056.1_region	0	0	0.00	0	0
NW_022145057.1	6184	2647	0.43	0	45
NW_022145057.1_region	1390	114	0.08	0	4
NW_022145058.1	6166	1692	0.27	0	12
NW_022145058.1_region	0	0	0.00	0	0
NW_022145059.1	6156	2462	0.40	0	16
NW_022145059.1_region	0	0	0.00	0	0
NW_022145060.1	6138	5010	0.82	0	86
NW_022145060.1_region	0	0	0.00	0	0
NW_022145061.1	6137	1972	0.32	0	14
NW_022145061.1_region	0	0	0.00	0	0
NW_022145062.1	47922	22490	0.47	0	117
NW_022145062.1_region	0	0	0.00	0	0
NW_022145063.1	6118	1007	0.16	0	9
NW_022145063.1_region	0	0	0.00	0	0
NW_022145064.1	6116	1523	0.25	0	15
NW_022145064.1_region	663	0	0.00	0	0
NW_022145065.1	6099	796	0.13	0	8
NW_022145065.1_region	0	0	0.00	0	0
NW_022145066.1	6082	2333	0.38	0	21
NW_022145066.1_region	0	0	0.00	0	0
NW_022145067.1	6078	1639	0.27	0	9
NW_022145067.1_region	349	175	0.50	0	9
NW_022145068.1	6067	2224	0.37	0	22
NW_022145068.1_region	0	0	0.00	0	0
NW_022145069.1	6042	1979	0.33	0	38
NW_022145069.1_region	0	0	0.00	0	0
NW_022145070.1	5912	1952	0.33	0	16
NW_022145070.1_region	0	0	0.00	0	0
NW_022145071.1	5907	1831	0.31	0	20
NW_022145071.1_region	707	10	0.01	0	2
NW_022145072.1	5903	1636	0.28	0	20
NW_022145072.1_region	0	0	0.00	0	0
NW_022145073.1	125721	582891	4.64	0	319
NW_022145073.1_region	1128	21683	19.22	0	55
NW_022145074.1	5886	2630	0.45	0	39
NW_022145074.1_region	0	0	0.00	0	0
NW_022145075.1	5854	1154	0.20	0	14
NW_022145075.1_region	0	0	0.00	0	0
NW_022145076.1	5852	1555	0.27	0	23
NW_022145076.1_region	0	0	0.00	0	0
NW_022145077.1	5819	1598	0.27	0	9
NW_022145077.1_region	0	0	0.00	0	0
NW_022145078.1	5814	1771	0.30	0	16
NW_022145078.1_region	0	0	0.00	0	0
NW_022145079.1	5721	1595	0.28	0	6
NW_022145079.1_region	0	0	0.00	0	0
NW_022145080.1	5718	1795	0.31	0	16
NW_022145080.1_region	0	0	0.00	0	0
NW_022145081.1	5711	1210	0.21	0	12
NW_022145081.1_region	573	78	0.14	0	2
NW_022145082.1	5699	2794	0.49	0	12
NW_022145082.1_region	0	0	0.00	0	0
NW_022145083.1	5623	1184	0.21	0	7
NW_022145083.1_region	0	0	0.00	0	0
NW_022145084.1	104907	272195	2.59	0	342
NW_022145084.1_region	0	0	0.00	0	0
NW_022145085.1	5609	1878	0.33	0	12
NW_022145085.1_region	0	0	0.00	0	0
NW_022145086.1	5578	2014	0.36	0	17
NW_022145086.1_region	635	38	0.06	0	2
NW_022145087.1	5530	964	0.17	0	8
NW_022145087.1_region	0	0	0.00	0	0
NW_022145088.1	5487	3410	0.62	0	22
NW_022145088.1_region	0	0	0.00	0	0
NW_022145089.1	5471	1685	0.31	0	12
NW_022145089.1_region	0	0	0.00	0	0
NW_022145090.1	5461	1196	0.22	0	8
NW_022145090.1_region	0	0	0.00	0	0
NW_022145091.1	5422	1240	0.23	0	8
NW_022145091.1_region	0	0	0.00	0	0
NW_022145092.1	5321	3017	0.57	0	20
NW_022145092.1_region	0	0	0.00	0	0
NW_022145093.1	5319	2348	0.44	0	36
NW_022145093.1_region	0	0	0.00	0	0
NW_022145094.1	5316	1256	0.24	0	16
NW_022145094.1_region	0	0	0.00	0	0
NW_022145095.1	119971	64619	0.54	0	91
NW_022145095.1_region	0	0	0.00	0	0
NW_022145096.1	5304	1315	0.25	0	8
NW_022145096.1_region	465	38	0.08	0	2
NW_022145097.1	3350	5062	1.51	0	31
NW_022145097.1_region	0	0	0.00	0	0
NW_022145098.1	5251	255879	48.73	0	312
NW_022145098.1_region	0	0	0.00	0	0
NW_022145099.1	5225	6400	1.22	0	164
NW_022145099.1_region	0	0	0.00	0	0
NW_022145100.1	5219	1441	0.28	0	16
NW_022145100.1_region	0	0	0.00	0	0
NW_022145101.1	5188	1580	0.30	0	10
NW_022145101.1_region	0	0	0.00	0	0
NW_022145102.1	5187	244234	47.09	0	188
NW_022145102.1_region	0	0	0.00	0	0
NW_022145103.1	5181	1169	0.23	0	24
NW_022145103.1_region	0	0	0.00	0	0
NW_022145104.1	5153	827	0.16	0	8
NW_022145104.1_region	0	0	0.00	0	0
NW_022145105.1	5115	3210	0.63	0	15
NW_022145105.1_region	0	0	0.00	0	0
NW_022145106.1	20950	5342	0.25	0	11
NW_022145106.1_region	0	0	0.00	0	0
NW_022145107.1	5060	1022	0.20	0	14
NW_022145107.1_region	0	0	0.00	0	0
NW_022145108.1	5029	2972	0.59	0	15
NW_022145108.1_region	0	0	0.00	0	0
NW_022145109.1	5000	330	0.07	0	8
NW_022145109.1_region	0	0	0.00	0	0
NW_022145110.1	4989	366	0.07	0	8
NW_022145110.1_region	0	0	0.00	0	0
NW_022145111.1	4972	1654	0.33	0	15
NW_022145111.1_region	0	0	0.00	0	0
NW_022145112.1	4951	2022	0.41	0	19
NW_022145112.1_region	0	0	0.00	0	0
NW_022145113.1	4927	220	0.04	0	4
NW_022145113.1_region	2625	40	0.02	0	2
NW_022145114.1	4917	1091	0.22	0	15
NW_022145114.1_region	0	0	0.00	0	0
NW_022145115.1	4906	2824	0.58	0	18
NW_022145115.1_region	0	0	0.00	0	0
NW_022145116.1	4896	1775	0.36	0	28
NW_022145116.1_region	0	0	0.00	0	0
NW_022145117.1	47376	70094	1.48	0	328
NW_022145117.1_region	0	0	0.00	0	0
NW_022145118.1	4884	3712	0.76	0	39
NW_022145118.1_region	0	0	0.00	0	0
NW_022145119.1	4868	1325	0.27	0	11
NW_022145119.1_region	0	0	0.00	0	0
NW_022145120.1	4846	2490	0.51	0	24
NW_022145120.1_region	0	0	0.00	0	0
NW_022145121.1	4840	1312	0.27	0	13
NW_022145121.1_region	0	0	0.00	0	0
NW_022145122.1	4808	2119	0.44	0	18
NW_022145122.1_region	0	0	0.00	0	0
NW_022145123.1	4782	1994	0.42	0	8
NW_022145123.1_region	0	0	0.00	0	0
NW_022145124.1	4764	409	0.09	0	6
NW_022145124.1_region	0	0	0.00	0	0
NW_022145125.1	4758	963	0.20	0	10
NW_022145125.1_region	0	0	0.00	0	0
NW_022145126.1	4727	2077	0.44	0	20
NW_022145126.1_region	0	0	0.00	0	0
NW_022145127.1	4706	1978	0.42	0	22
NW_022145127.1_region	0	0	0.00	0	0
NW_022145128.1	91882	752	0.01	0	11
NW_022145128.1_region	0	0	0.00	0	0
NW_022145129.1	2752	4547	1.65	0	72
NW_022145129.1_region	0	0	0.00	0	0
NW_022145130.1	4677	745	0.16	0	10
NW_022145130.1_region	0	0	0.00	0	0
NW_022145131.1	4671	1802	0.39	0	14
NW_022145131.1_region	0	0	0.00	0	0
NW_022145132.1	4669	3596	0.77	0	72
NW_022145132.1_region	0	0	0.00	0	0
NW_022145133.1	4668	1841	0.39	0	18
NW_022145133.1_region	0	0	0.00	0	0
NW_022145134.1	4653	806	0.17	0	11
NW_022145134.1_region	717	0	0.00	0	0
NW_022145135.1	4651	2617	0.56	0	48
NW_022145135.1_region	0	0	0.00	0	0
NW_022145136.1	4645	1214	0.26	0	10
NW_022145136.1_region	0	0	0.00	0	0
NW_022145137.1	4640	1865	0.40	0	14
NW_022145137.1_region	0	0	0.00	0	0
NW_022145138.1	4620	2878	0.62	0	28
NW_022145138.1_region	0	0	0.00	0	0
NW_022145139.1	94356	403538	4.28	0	379
NW_022145139.1_region	882	13333	15.12	0	55
NW_022145140.1	4613	1333	0.29	0	10
NW_022145140.1_region	0	0	0.00	0	0
NW_022145141.1	4575	1256	0.27	0	8
NW_022145141.1_region	0	0	0.00	0	0
NW_022145142.1	4559	1630	0.36	0	18
NW_022145142.1_region	0	0	0.00	0	0
NW_022145143.1	4528	1821	0.40	0	12
NW_022145143.1_region	0	0	0.00	0	0
NW_022145144.1	4497	1991	0.44	0	16
NW_022145144.1_region	0	0	0.00	0	0
NW_022145145.1	4490	939	0.21	0	22
NW_022145145.1_region	0	0	0.00	0	0
NW_022145146.1	4434	1071	0.24	0	10
NW_022145146.1_region	0	0	0.00	0	0
NW_022145147.1	4423	266	0.06	0	6
NW_022145147.1_region	0	0	0.00	0	0
NW_022145148.1	4412	319	0.07	0	8
NW_022145148.1_region	0	0	0.00	0	0
NW_022145149.1	4409	31870	7.23	0	124
NW_022145149.1_region	534	4155	7.78	0	36
NW_022145150.1	68008	42813	0.63	0	42
NW_022145150.1_region	0	0	0.00	0	0
NW_022145151.1	4402	1212	0.28	0	18
NW_022145151.1_region	0	0	0.00	0	0
NW_022145152.1	4394	35827	8.15	0	79
NW_022145152.1_region	532	6215	11.68	0	31
NW_022145153.1	4383	1757	0.40	0	12
NW_022145153.1_region	311	38	0.12	0	2
NW_022145154.1	4376	1417	0.32	0	16
NW_022145154.1_region	0	0	0.00	0	0
NW_022145155.1	4348	3223	0.74	0	53
NW_022145155.1_region	0	0	0.00	0	0
NW_022145156.1	4334	1867	0.43	0	22
NW_022145156.1_region	0	0	0.00	0	0
NW_022145157.1	4293	1122	0.26	0	16
NW_022145157.1_region	0	0	0.00	0	0
NW_022145158.1	4264	1828	0.43	0	45
NW_022145158.1_region	0	0	0.00	0	0
NW_022145159.1	4175	14379	3.44	0	32
NW_022145159.1_region	0	0	0.00	0	0
NW_022145160.1	4161	630	0.15	0	7
NW_022145160.1_region	0	0	0.00	0	0
NW_022145161.1	115902	214843	1.85	0	109
NW_022145161.1_region	0	0	0.00	0	0
NW_022145162.1	4158	775	0.19	0	8
NW_022145162.1_region	0	0	0.00	0	0
NW_022145163.1	4151	1177	0.28	0	12
NW_022145163.1_region	0	0	0.00	0	0
NW_022145164.1	4108	708	0.17	0	4
NW_022145164.1_region	0	0	0.00	0	0
NW_022145165.1	4090	1482	0.36	0	11
NW_022145165.1_region	0	0	0.00	0	0
NW_022145166.1	4087	975	0.24	0	10
NW_022145166.1_region	0	0	0.00	0	0
NW_022145167.1	4077	76	0.02	0	2
NW_022145167.1_region	0	0	0.00	0	0
NW_022145168.1	4077	1291	0.32	0	22
NW_022145168.1_region	888	4	0.00	0	2
NW_022145169.1	4076	929	0.23	0	6
NW_022145169.1_region	0	0	0.00	0	0
NW_022145170.1	4072	10081	2.48	0	17
NW_022145170.1_region	0	0	0.00	0	0
NW_022145171.1	4046	1567	0.39	0	10
NW_022145171.1_region	0	0	0.00	0	0
NW_022145172.1	67843	61423	0.91	0	62
NW_022145172.1_region	0	0	0.00	0	0
NW_022145173.1	4043	722	0.18	0	8
NW_022145173.1_region	0	0	0.00	0	0
NW_022145174.1	3970	1415	0.36	0	14
NW_022145174.1_region	362	0	0.00	0	0
NW_022145175.1	3944	626	0.16	0	6
NW_022145175.1_region	0	0	0.00	0	0
NW_022145176.1	3937	685	0.17	0	8
NW_022145176.1_region	0	0	0.00	0	0
NW_022145177.1	3926	444	0.11	0	4
NW_022145177.1_region	0	0	0.00	0	0
NW_022145178.1	3913	876	0.22	0	14
NW_022145178.1_region	0	0	0.00	0	0
NW_022145179.1	3904	470	0.12	0	4
NW_022145179.1_region	0	0	0.00	0	0
NW_022145180.1	3861	2054	0.53	0	24
NW_022145180.1_region	0	0	0.00	0	0
NW_022145181.1	3845	1062	0.28	0	14
NW_022145181.1_region	0	0	0.00	0	0
NW_022145182.1	3825	1575	0.41	0	14
NW_022145182.1_region	0	0	0.00	0	0
NW_022145183.1	35970	128	0.00	0	2
NW_022145183.1_region	0	0	0.00	0	0
NW_022145184.1	3822	1056	0.28	0	10
NW_022145184.1_region	0	0	0.00	0	0
NW_022145185.1	3818	1049	0.27	0	10
NW_022145185.1_region	0	0	0.00	0	0
NW_022145186.1	3774	1915	0.51	0	8
NW_022145186.1_region	0	0	0.00	0	0
NW_022145187.1	3757	1216	0.32	0	8
NW_022145187.1_region	0	0	0.00	0	0
NW_022145188.1	3756	3084	0.82	0	18
NW_022145188.1_region	0	0	0.00	0	0
NW_022145189.1	1796	96	0.05	0	2
NW_022145189.1_region	0	0	0.00	0	0
NW_022145190.1	3752	1892	0.50	0	20
NW_022145190.1_region	0	0	0.00	0	0
NW_022145191.1	3747	736	0.20	0	10
NW_022145191.1_region	0	0	0.00	0	0
NW_022145192.1	3728	1499	0.40	0	10
NW_022145192.1_region	0	0	0.00	0	0
NW_022145193.1	3705	1693	0.46	0	18
NW_022145193.1_region	0	0	0.00	0	0
NW_022145194.1	44435	259	0.01	0	3
NW_022145194.1_region	0	0	0.00	0	0
NW_022145195.1	3675	1867	0.51	0	12
NW_022145195.1_region	0	0	0.00	0	0
NW_022145196.1	3656	3932	1.08	0	69
NW_022145196.1_region	0	0	0.00	0	0
NW_022145197.1	3591	482	0.13	0	16
NW_022145197.1_region	0	0	0.00	0	0
NW_022145198.1	3572	367	0.10	0	5
NW_022145198.1_region	0	0	0.00	0	0
NW_022145199.1	3560	30259	8.50	0	76
NW_022145199.1_region	0	0	0.00	0	0
NW_022145200.1	3523	1804	0.51	0	34
NW_022145200.1_region	0	0	0.00	0	0
NW_022145201.1	3516	1364	0.39	0	18
NW_022145201.1_region	0	0	0.00	0	0
NW_022145202.1	3511	28520	8.12	0	50
NW_022145202.1_region	0	0	0.00	0	0
NW_022145203.1	3498	574	0.16	0	11
NW_022145203.1_region	0	0	0.00	0	0
NW_022145204.1	3481	1997	0.57	0	18
NW_022145204.1_region	881	1096	1.24	0	18
NW_022145205.1	79806	107247	1.34	0	586
NW_022145205.1_region	0	0	0.00	0	0
NW_022145206.1	3465	904	0.26	0	11
NW_022145206.1_region	0	0	0.00	0	0
NW_022145207.1	3398	48875	14.38	0	55
NW_022145207.1_region	0	0	0.00	0	0
NW_022145208.1	3377	1220	0.36	0	10
NW_022145208.1_region	0	0	0.00	0	0
NW_022145209.1	3370	53683	15.93	0	55
NW_022145209.1_region	0	0	0.00	0	0
NW_022145210.1	3355	679	0.20	0	6
NW_022145210.1_region	0	0	0.00	0	0
NW_022145211.1	3352	898	0.27	0	8
NW_022145211.1_region	259	0	0.00	0	0
NW_022145212.1	3330	26824	8.06	0	82
NW_022145212.1_region	0	0	0.00	0	0
NW_022145213.1	3323	68410	20.59	0	114
NW_022145213.1_region	0	0	0.00	0	0
NW_022145214.1	3314	8080	2.44	0	16
NW_022145214.1_region	0	0	0.00	0	0
NW_022145215.1	3309	1220	0.37	0	15
NW_022145215.1_region	0	0	0.00	0	0
NW_022145216.1	46122	58050	1.26	0	549
NW_022145216.1_region	0	0	0.00	0	0
NW_022145217.1	3298	767	0.23	0	6
NW_022145217.1_region	0	0	0.00	0	0
NW_022145218.1	3258	738	0.23	0	7
NW_022145218.1_region	0	0	0.00	0	0
NW_022145219.1	3240	610	0.19	0	8
NW_022145219.1_region	0	0	0.00	0	0
NW_022145220.1	3239	9766	3.02	0	101
NW_022145220.1_region	0	0	0.00	0	0
NW_022145221.1	3235	3852	1.19	0	13
NW_022145221.1_region	0	0	0.00	0	0
NW_022145222.1	3233	4108	1.27	0	13
NW_022145222.1_region	0	0	0.00	0	0
NW_022145223.1	3216	764	0.24	0	8
NW_022145223.1_region	0	0	0.00	0	0
NW_022145224.1	3205	19179	5.98	0	26
NW_022145224.1_region	0	0	0.00	0	0
NW_022145225.1	3205	192	0.06	0	4
NW_022145225.1_region	0	0	0.00	0	0
NW_022145226.1	3194	605	0.19	0	8
NW_022145226.1_region	0	0	0.00	0	0
NW_022145227.1	47480	635	0.01	0	6
NW_022145227.1_region	0	0	0.00	0	0
NW_022145228.1	3187	56399	17.70	0	97
NW_022145228.1_region	603	29061	48.19	0	97
NW_022145229.1	3176	717	0.23	0	10
NW_022145229.1_region	0	0	0.00	0	0
NW_022145230.1	3167	7969	2.52	0	20
NW_022145230.1_region	0	0	0.00	0	0
NW_022145231.1	3161	513	0.16	0	7
NW_022145231.1_region	0	0	0.00	0	0
NW_022145232.1	3157	126	0.04	0	6
NW_022145232.1_region	0	0	0.00	0	0
NW_022145233.1	3154	46807	14.84	0	294
NW_022145233.1_region	0	0	0.00	0	0
NW_022145234.1	3141	409	0.13	0	8
NW_022145234.1_region	0	0	0.00	0	0
NW_022145235.1	3124	86060	27.55	0	308
NW_022145235.1_region	0	0	0.00	0	0
NW_022145236.1	3116	942	0.30	0	8
NW_022145236.1_region	0	0	0.00	0	0
NW_022145237.1	3114	62016	19.92	0	308
NW_022145237.1_region	0	0	0.00	0	0
NW_022145238.1	45709	9715	0.21	0	41
NW_022145238.1_region	0	0	0.00	0	0
NW_022145239.1	3091	1160	0.38	0	10
NW_022145239.1_region	0	0	0.00	0	0
NW_022145240.1	3085	2159	0.70	0	25
NW_022145240.1_region	0	0	0.00	0	0
NW_022145241.1	3074	20455	6.65	0	130
NW_022145241.1_region	0	0	0.00	0	0
NW_022145242.1	3062	706	0.23	0	13
NW_022145242.1_region	0	0	0.00	0	0
NW_022145243.1	3046	963	0.32	0	10
NW_022145243.1_region	0	0	0.00	0	0
NW_022145244.1	3045	1754	0.58	0	16
NW_022145244.1_region	0	0	0.00	0	0
NW_022145245.1	3020	117	0.04	0	2
NW_022145245.1_region	0	0	0.00	0	0
NW_022145246.1	3009	1030	0.34	0	10
NW_022145246.1_region	0	0	0.00	0	0
NW_022145247.1	2958	2642	0.89	0	17
NW_022145247.1_region	0	0	0.00	0	0
NW_022145248.1	2949	1154	0.39	0	10
NW_022145248.1_region	0	0	0.00	0	0
NW_022145249.1	29338	19955	0.68	0	57
NW_022145249.1_region	0	0	0.00	0	0
NW_022145250.1	2946	1914	0.65	0	30
NW_022145250.1_region	0	0	0.00	0	0
NW_022145251.1	2939	15580	5.30	0	55
NW_022145251.1_region	0	0	0.00	0	0
NW_022145252.1	2904	906	0.31	0	10
NW_022145252.1_region	0	0	0.00	0	0
NW_022145253.1	2889	184072	63.71	0	555
NW_022145253.1_region	0	0	0.00	0	0
NW_022145254.1	2888	995	0.34	0	14
NW_022145254.1_region	0	0	0.00	0	0
NW_022145255.1	2888	187151	64.80	0	563
NW_022145255.1_region	0	0	0.00	0	0
NW_022145256.1	2876	16790	5.84	0	66
NW_022145256.1_region	0	0	0.00	0	0
NW_022145257.1	2866	511	0.18	0	8
NW_022145257.1_region	0	0	0.00	0	0
NW_022145258.1	2861	1471	0.51	0	12
NW_022145258.1_region	0	0	0.00	0	0
NW_022145259.1	1344	6060	4.51	0	43
NW_022145259.1_region	0	0	0.00	0	0
NW_022145260.1	47144	6809	0.14	0	21
NW_022145260.1_region	0	0	0.00	0	0
NW_022145261.1	2843	1067	0.38	0	14
NW_022145261.1_region	0	0	0.00	0	0
NW_022145262.1	2822	664	0.24	0	9
NW_022145262.1_region	0	0	0.00	0	0
NW_022145263.1	2787	205	0.07	0	4
NW_022145263.1_region	0	0	0.00	0	0
NW_022145264.1	2772	561	0.20	0	8
NW_022145264.1_region	0	0	0.00	0	0
NW_022145265.1	2767	252	0.09	0	6
NW_022145265.1_region	0	0	0.00	0	0
NW_022145266.1	2759	648	0.23	0	11
NW_022145266.1_region	0	0	0.00	0	0
NW_022145267.1	2749	18085	6.58	0	96
NW_022145267.1_region	0	0	0.00	0	0
NW_022145268.1	2741	1115	0.41	0	17
NW_022145268.1_region	0	0	0.00	0	0
NW_022145269.1	2728	757	0.28	0	7
NW_022145269.1_region	0	0	0.00	0	0
NW_022145270.1	2717	456	0.17	0	8
NW_022145270.1_region	0	0	0.00	0	0
NW_022145271.1	63049	27557	0.44	0	79
NW_022145271.1_region	0	0	0.00	0	0
NW_022145272.1	2707	954	0.35	0	12
NW_022145272.1_region	0	0	0.00	0	0
NW_022145273.1	2703	1089	0.40	0	10
NW_022145273.1_region	0	0	0.00	0	0
NW_022145275.1	2658	943	0.35	0	10
NW_022145275.1_region	0	0	0.00	0	0
NW_022145276.1	2639	684	0.26	0	10
NW_022145276.1_region	0	0	0.00	0	0
NW_022145277.1	2636	790	0.30	0	13
NW_022145277.1_region	0	0	0.00	0	0
NW_022145278.1	2628	272	0.10	0	7
NW_022145278.1_region	0	0	0.00	0	0
NW_022145279.1	2612	383	0.15	0	12
NW_022145279.1_region	0	0	0.00	0	0
NW_022145280.1	2578	12338	4.79	0	52
NW_022145280.1_region	0	0	0.00	0	0
NW_022145281.1	2532	611	0.24	0	12
NW_022145281.1_region	0	0	0.00	0	0
NW_022145282.1	32392	288	0.01	0	4
NW_022145282.1_region	0	0	0.00	0	0
NW_022145283.1	2515	11563	4.60	0	25
NW_022145283.1_region	0	0	0.00	0	0
NW_022145284.1	2502	944	0.38	0	10
NW_022145284.1_region	0	0	0.00	0	0
NW_022145285.1	2496	1956	0.78	0	11
NW_022145285.1_region	0	0	0.00	0	0
NW_022145286.1	2435	9819	4.03	0	79
NW_022145286.1_region	0	0	0.00	0	0
NW_022145287.1	2428	276	0.11	0	10
NW_022145287.1_region	0	0	0.00	0	0
NW_022145288.1	2392	2491	1.04	0	47
NW_022145288.1_region	0	0	0.00	0	0
NW_022145289.1	2386	2036	0.85	0	10
NW_022145289.1_region	0	0	0.00	0	0
NW_022145290.1	2275	834	0.37	0	8
NW_022145290.1_region	0	0	0.00	0	0
NW_022145291.1	2256	479	0.21	0	9
NW_022145291.1_region	0	0	0.00	0	0
NW_022145292.1	2232	154	0.07	0	4
NW_022145292.1_region	0	0	0.00	0	0
NW_022145293.1	59163	18304	0.31	0	44
NW_022145293.1_region	0	0	0.00	0	0
NW_022145294.1	2229	380	0.17	0	10
NW_022145294.1_region	0	0	0.00	0	0
NW_022145295.1	2226	1237	0.56	0	11
NW_022145295.1_region	0	0	0.00	0	0
NW_022145296.1	2220	1484	0.67	0	42
NW_022145296.1_region	0	0	0.00	0	0
NW_022145297.1	2217	121543	54.82	0	884
NW_022145297.1_region	0	0	0.00	0	0
NW_022145298.1	2213	1263	0.57	0	10
NW_022145298.1_region	0	0	0.00	0	0
NW_022145299.1	2192	569	0.26	0	8
NW_022145299.1_region	0	0	0.00	0	0
NW_022145300.1	2175	2849	1.31	0	56
NW_022145300.1_region	0	0	0.00	0	0
NW_022145301.1	2168	17106	7.89	0	148
NW_022145301.1_region	0	0	0.00	0	0
NW_022145302.1	2157	53523	24.81	0	425
NW_022145302.1_region	0	0	0.00	0	0
NW_022145303.1	2145	414	0.19	0	8
NW_022145303.1_region	0	0	0.00	0	0
NW_022145304.1	32983	2044	0.06	0	17
NW_022145304.1_region	0	0	0.00	0	0
NW_022145305.1	2135	292	0.14	0	4
NW_022145305.1_region	0	0	0.00	0	0
NW_022145306.1	2133	701	0.33	0	8
NW_022145306.1_region	0	0	0.00	0	0
NW_022145307.1	2129	190	0.09	0	6
NW_022145307.1_region	0	0	0.00	0	0
NW_022145308.1	2118	1613	0.76	0	37
NW_022145308.1_region	306	0	0.00	0	0
NW_022145309.1	2105	1029	0.49	0	10
NW_022145309.1_region	0	0	0.00	0	0
NW_022145310.1	2099	698	0.33	0	8
NW_022145310.1_region	0	0	0.00	0	0
NW_022145311.1	2070	3075	1.49	0	26
NW_022145311.1_region	0	0	0.00	0	0
NW_022145312.1	2062	20742	10.06	0	66
NW_022145312.1_region	0	0	0.00	0	0
NW_022145313.1	2059	601	0.29	0	10
NW_022145313.1_region	0	0	0.00	0	0
NW_022145314.1	2052	995	0.48	0	10
NW_022145314.1_region	0	0	0.00	0	0
NW_022145315.1	56963	100935	1.77	0	144
NW_022145315.1_region	0	0	0.00	0	0
NW_022145316.1	2045	554	0.27	0	14
NW_022145316.1_region	0	0	0.00	0	0
NW_022145317.1	2026	2211	1.09	0	37
NW_022145317.1_region	0	0	0.00	0	0
NW_022145318.1	1994	8061	4.04	0	40
NW_022145318.1_region	0	0	0.00	0	0
NW_022145319.1	1994	15131	7.59	0	86
NW_022145319.1_region	0	0	0.00	0	0
NW_022145320.1	1992	357	0.18	0	6
NW_022145320.1_region	0	0	0.00	0	0
NW_022145321.1	1988	390	0.20	0	4
NW_022145321.1_region	0	0	0.00	0	0
NW_022145322.1	1981	434	0.22	0	8
NW_022145322.1_region	0	0	0.00	0	0
NW_022145323.1	1965	2609	1.33	0	18
NW_022145323.1_region	0	0	0.00	0	0
NW_022145324.1	1960	4191	2.14	0	14
NW_022145324.1_region	329	1921	5.84	0	14
NW_022145325.1	1946	1016	0.52	0	16
NW_022145325.1_region	0	0	0.00	0	0
NW_022145326.1	57626	1878	0.03	0	7
NW_022145326.1_region	0	0	0.00	0	0
NW_022145327.1	1943	3308	1.70	0	41
NW_022145327.1_region	0	0	0.00	0	0
NW_022145328.1	1939	963	0.50	0	16
NW_022145328.1_region	0	0	0.00	0	0
NW_022145329.1	1929	2188	1.13	0	8
NW_022145329.1_region	0	0	0.00	0	0
NW_022145330.1	1926	504	0.26	0	6
NW_022145330.1_region	0	0	0.00	0	0
NW_022145331.1	1861	24307	13.06	0	53
NW_022145331.1_region	0	0	0.00	0	0
NW_022145332.1	1839	16316	8.87	0	117
NW_022145332.1_region	0	0	0.00	0	0
NW_022145333.1	1835	2220	1.21	0	28
NW_022145333.1_region	0	0	0.00	0	0
NW_022145334.1	1833	197	0.11	0	4
NW_022145334.1_region	1167	38	0.03	0	1
NW_022145335.1	1806	15122	8.37	0	60
NW_022145335.1_region	0	0	0.00	0	0
NW_022145336.1	1754	3015	1.72	0	17
NW_022145336.1_region	0	0	0.00	0	0
NW_022145337.1	54544	9731	0.18	0	25
NW_022145337.1_region	0	0	0.00	0	0
NW_022145338.1	1727	396	0.23	0	6
NW_022145338.1_region	0	0	0.00	0	0
NW_022145339.1	1708	436	0.26	0	14
NW_022145339.1_region	0	0	0.00	0	0
NW_022145340.1	1659	907	0.55	0	14
NW_022145340.1_region	0	0	0.00	0	0
NW_022145341.1	1599	88	0.06	0	2
NW_022145341.1_region	0	0	0.00	0	0
NW_022145342.1	1579	415	0.26	0	14
NW_022145342.1_region	0	0	0.00	0	0
NW_022145343.1	1570	575	0.37	0	10
NW_022145343.1_region	0	0	0.00	0	0
NW_022145344.1	1553	506	0.33	0	8
NW_022145344.1_region	0	0	0.00	0	0
NW_022145345.1	1540	3060	1.99	0	17
NW_022145345.1_region	0	0	0.00	0	0
NW_022145346.1	1528	118	0.08	0	4
NW_022145346.1_region	0	0	0.00	0	0
NW_022145347.1	1523	13933	9.15	0	53
NW_022145347.1_region	0	0	0.00	0	0
NW_022145348.1	76140	155859	2.05	0	376
NW_022145348.1_region	0	0	0.00	0	0
NW_022145349.1	1511	2037	1.35	0	14
NW_022145349.1_region	0	0	0.00	0	0
NW_022145350.1	1492	1179	0.79	0	17
NW_022145350.1_region	0	0	0.00	0	0
NW_022145351.1	1491	596	0.40	0	6
NW_022145351.1_region	0	0	0.00	0	0
NW_022145352.1	1490	274	0.18	0	6
NW_022145352.1_region	0	0	0.00	0	0
NW_022145354.1	1479	304	0.21	0	6
NW_022145354.1_region	0	0	0.00	0	0
NW_022145355.1	1460	692	0.47	0	10
NW_022145355.1_region	0	0	0.00	0	0
NW_022145356.1	1428	528	0.37	0	10
NW_022145356.1_region	0	0	0.00	0	0
NW_022145357.1	1387	405	0.29	0	6
NW_022145357.1_region	0	0	0.00	0	0
NW_022145358.1	1384	1285	0.93	0	12
NW_022145358.1_region	0	0	0.00	0	0
NW_022145359.1	60007	101918	1.70	0	755
NW_022145359.1_region	0	0	0.00	0	0
NW_022145360.1	1362	5816	4.27	0	19
NW_022145360.1_region	0	0	0.00	0	0
NW_022145361.1	1362	522	0.38	0	10
NW_022145361.1_region	0	0	0.00	0	0
NW_022145362.1	1300	234	0.18	0	4
NW_022145362.1_region	0	0	0.00	0	0
NW_022145363.1	1277	2288	1.79	0	12
NW_022145363.1_region	0	0	0.00	0	0
NW_022145364.1	1265	553	0.44	0	10
NW_022145364.1_region	0	0	0.00	0	0
NW_022145365.1	1255	3315	2.64	0	12
NW_022145365.1_region	0	0	0.00	0	0
NW_022145366.1	1254	3377	2.69	0	16
NW_022145366.1_region	0	0	0.00	0	0
NW_022145367.1	1154	715	0.62	0	14
NW_022145367.1_region	0	0	0.00	0	0
NW_022145368.1	1142	786	0.69	0	6
NW_022145368.1_region	0	0	0.00	0	0
NW_022145369.1	1099	3671	3.34	0	14
NW_022145369.1_region	0	0	0.00	0	0
NW_022145370.1	74314	2644	0.04	0	10
NW_022145370.1_region	0	0	0.00	0	0
NW_022145371.1	1072	6620	6.18	0	22
NW_022145371.1_region	0	0	0.00	0	0
NW_022145372.1	1035	4786	4.62	0	43
NW_022145372.1_region	0	0	0.00	0	0
NW_022145373.1	1007	612	0.61	0	7
NW_022145373.1_region	0	0	0.00	0	0
NW_022145374.1	1000	1121	1.12	0	11
NW_022145374.1_region	0	0	0.00	0	0
NW_022145375.1	10000	7775	0.78	0	18
NW_022145375.1_region	0	0	0.00	0	0
NW_022145376.1	25000	488413	19.54	0	610
NW_022145376.1_region	1591	11495	7.23	0	36
NW_022145377.1	50000	393691	7.87	0	523
NW_022145377.1_region	612	5571	9.10	0	53
NW_022145378.1	26863	9741	0.36	0	40
NW_022145378.1_region	0	0	0.00	0	0
NW_022145379.1	23852	5153	0.22	0	26
NW_022145379.1_region	1275	0	0.00	0	0
NW_022145380.1	23611	10758	0.46	0	20
NW_022145380.1_region	1430	274	0.19	0	8
NW_022145381.1	55218	80571	1.46	0	59
NW_022145381.1_region	0	0	0.00	0	0
NW_022145382.1	23435	7148	0.31	0	20
NW_022145382.1_region	0	0	0.00	0	0
NW_022145383.1	21401	5651	0.26	0	23
NW_022145383.1_region	0	0	0.00	0	0
NW_022145384.1	19291	7054	0.37	0	77
NW_022145384.1_region	0	0	0.00	0	0
NW_022145385.1	18791	5567	0.30	0	14
NW_022145385.1_region	0	0	0.00	0	0
NW_022145386.1	18617	6223	0.33	0	18
NW_022145386.1_region	0	0	0.00	0	0
NW_022145387.1	17981	6537	0.36	0	18
NW_022145387.1_region	0	0	0.00	0	0
NW_022145388.1	17946	6149	0.34	0	20
NW_022145388.1_region	0	0	0.00	0	0
NW_022145389.1	17857	3816	0.21	0	20
NW_022145389.1_region	0	0	0.00	0	0
NW_022145390.1	21857	10187	0.47	0	107
NW_022145390.1_region	589	0	0.00	0	0
NW_022145391.1	33930	20558	0.61	0	250
NW_022145391.1_region	0	0	0.00	0	0
NW_022145392.1	88843	1424	0.02	0	14
NW_022145392.1_region	0	0	0.00	0	0
NW_022145393.1	22373	11053	0.49	0	32
NW_022145393.1_region	0	0	0.00	0	0
NW_022145394.1	20846	11604	0.56	0	168
NW_022145394.1_region	0	0	0.00	0	0
NW_022145395.1	18089	5334	0.29	0	23
NW_022145395.1_region	1125	437	0.39	0	23
NW_022145396.1	15624	7658	0.49	0	42
NW_022145396.1_region	0	0	0.00	0	0
NW_022145397.1	15314	4847	0.32	0	14
NW_022145397.1_region	3172	384	0.12	0	12
NW_022145398.1	146455	325	0.00	0	8
NW_022145398.1_region	0	0	0.00	0	0
NW_022145399.1	17799	4202	0.24	0	20
NW_022145399.1_region	0	0	0.00	0	0
NW_022145400.1	17257	4423	0.26	0	22
NW_022145400.1_region	1338	0	0.00	0	0
NW_022145401.1	16486	10499	0.64	0	40
NW_022145401.1_region	573	0	0.00	0	0
NW_022145402.1	15178	7600	0.50	0	66
NW_022145402.1_region	0	0	0.00	0	0
NW_022145403.1	45037	38	0.00	0	2
NW_022145403.1_region	0	0	0.00	0	0
NW_022145404.1	57045	499	0.01	0	6
NW_022145404.1_region	0	0	0.00	0	0
NW_022145405.1	22053	8266	0.37	0	43
NW_022145405.1_region	0	0	0.00	0	0
NW_022145406.1	43925	7598	0.17	0	17
NW_022145406.1_region	0	0	0.00	0	0
NW_022145407.1	24217	13454	0.56	0	128
NW_022145407.1_region	5022	0	0.00	0	0
NW_022145408.1	16015	9352	0.58	0	107
NW_022145408.1_region	0	0	0.00	0	0
NW_022145409.1	71395	9879	0.14	0	21
NW_022145409.1_region	0	0	0.00	0	0
NW_022145410.1	73525	1862832	25.34	0	179
NW_022145410.1_region	0	0	0.00	0	0
NW_022145411.1	16065	6231	0.39	0	36
NW_022145411.1_region	740	0	0.00	0	0
NW_022145412.1	20205	5770	0.29	0	14
NW_022145412.1_region	0	0	0.00	0	0
NW_022145413.1	31795	1456	0.05	0	16
NW_022145413.1_region	0	0	0.00	0	0
NW_022145414.1	15341	4643	0.30	0	21
NW_022145414.1_region	0	0	0.00	0	0
NW_022145415.1	60355	1302	0.02	0	6
NW_022145415.1_region	0	0	0.00	0	0
NW_022145416.1	16986	7005	0.41	0	25
NW_022145416.1_region	1207	114	0.09	0	2
NW_022145417.1	51512	566	0.01	0	6
NW_022145417.1_region	0	0	0.00	0	0
NW_022145418.1	17001	7034	0.41	0	21
NW_022145418.1_region	0	0	0.00	0	0
NW_022145419.1	67720	677957	10.01	0	336
NW_022145419.1_region	2984	56598	18.97	0	116
NW_022145420.1	35402	158	0.00	0	2
NW_022145420.1_region	0	0	0.00	0	0
NW_022145421.1	23454	80208	3.42	0	1653
NW_022145421.1_region	1191	0	0.00	0	0
NW_022145422.1	78273	13331	0.17	0	33
NW_022145422.1_region	0	0	0.00	0	0
NW_022145423.1	126508	1034	0.01	0	8
NW_022145423.1_region	0	0	0.00	0	0
NW_022145424.1	62776	15281	0.24	0	40
NW_022145424.1_region	0	0	0.00	0	0
NW_022145425.1	30360	454	0.01	0	8
NW_022145425.1_region	0	0	0.00	0	0
NW_022145426.1	79185	133538	1.69	0	364
NW_022145426.1_region	0	0	0.00	0	0
NW_022145427.1	152116	18684	0.12	0	38
NW_022145427.1_region	27980	7046	0.25	0	10
NW_022145428.1	65691	125865	1.92	0	156
NW_022145428.1_region	0	0	0.00	0	0
NW_022145429.1	66232	388773	5.87	0	484
NW_022145429.1_region	919	6559	7.14	0	24
NW_022145430.1	42199	26935	0.64	0	118
NW_022145430.1_region	0	0	0.00	0	0
NW_022145431.1	56568	714107	12.62	0	2964
NW_022145431.1_region	3939	42271	10.73	0	50
NW_022145432.1	111484	328019	2.94	0	1450
NW_022145432.1_region	0	0	0.00	0	0
NW_022145433.1	30854	24823	0.80	0	50
NW_022145433.1_region	0	0	0.00	0	0
NW_022145434.1	18775	9519	0.51	0	64
NW_022145434.1_region	0	0	0.00	0	0
NW_022145435.1	122365	543343	4.44	0	613
NW_022145435.1_region	0	0	0.00	0	0
NW_022145436.1	31453	534	0.02	0	8
NW_022145436.1_region	0	0	0.00	0	0
NW_022145437.1	105348	262531	2.49	0	287
NW_022145437.1_region	1621	9686	5.98	0	31
NW_022145438.1	53375	361042	6.76	0	2192
NW_022145438.1_region	0	0	0.00	0	0
NW_022145439.1	77972	556394	7.14	0	796
NW_022145439.1_region	0	0	0.00	0	0
NW_022145440.1	82617	938292	11.36	0	495
NW_022145440.1_region	0	0	0.00	0	0
NW_022145441.1	62133	313749	5.05	0	1807
NW_022145441.1_region	0	0	0.00	0	0
NW_022145442.1	41935	6670	0.16	0	23
NW_022145442.1_region	0	0	0.00	0	0
NW_022145443.1	40287	651429	16.17	0	640
NW_022145443.1_region	0	0	0.00	0	0
NW_022145444.1	25197	11364	0.45	0	52
NW_022145444.1_region	0	0	0.00	0	0
NW_022145445.1	64732	7671	0.12	0	18
NW_022145445.1_region	0	0	0.00	0	0
NW_022145446.1	65218	479138	7.35	0	365
NW_022145446.1_region	0	0	0.00	0	0
NW_022145447.1	15922	24474	1.54	0	238
NW_022145447.1_region	0	0	0.00	0	0
NW_022145448.1	107340	8377	0.08	0	21
NW_022145448.1_region	0	0	0.00	0	0
NW_022145449.1	63868	309	0.00	0	4
NW_022145449.1_region	0	0	0.00	0	0
NW_022145450.1	33901	213	0.01	0	6
NW_022145450.1_region	0	0	0.00	0	0
NW_022145451.1	25217	392	0.02	0	4
NW_022145451.1_region	0	0	0.00	0	0
NW_022145452.1	61174	1336	0.02	0	12
NW_022145452.1_region	0	0	0.00	0	0
NW_022145453.1	70260	104259	1.48	0	140
NW_022145453.1_region	0	0	0.00	0	0
NW_022145454.1	46400	35129	0.76	0	317
NW_022145454.1_region	0	0	0.00	0	0
NW_022145455.1	47120	736	0.02	0	4
NW_022145455.1_region	0	0	0.00	0	0
NW_022145456.1	130804	3551086	27.15	0	1919
NW_022145456.1_region	5818	248480	42.71	0	323
NW_022145457.1	100977	6042636	59.84	0	13630
NW_022145457.1_region	20102	845436	42.06	0	270
NW_022145458.1	16456	7115	0.43	0	66
NW_022145458.1_region	0	0	0.00	0	0
NW_022145459.1	25000	161328	6.45	0	126
NW_022145459.1_region	0	0	0.00	0	0
NW_022145460.1	50000	522008	10.44	0	400
NW_022145460.1_region	650	9587	14.75	0	82
NW_022145461.1	50000	792564	15.85	0	386
NW_022145461.1_region	3013	78731	26.13	0	86
NW_022145462.1	50000	1906072	38.12	0	3641
NW_022145462.1_region	8349	225613	27.02	0	179
NW_022145463.1	50000	1553130	31.06	0	1464
NW_022145463.1_region	1710	46827	27.38	0	145
NW_022145464.1	50000	2386326	47.73	0	11565
NW_022145464.1_region	1987	40610	20.44	0	102
NW_022145465.1	15000	305860	20.39	0	281
NW_022145465.1_region	2130	52328	24.57	0	80
NW_022145466.1	5000	1789	0.36	0	12
NW_022145466.1_region	0	0	0.00	0	0
NW_022145467.1	25000	182667	7.31	0	638
NW_022145467.1_region	854	0	0.00	0	0
NW_022145468.1	25000	274	0.01	0	2
NW_022145468.1_region	0	0	0.00	0	0
NW_022145469.1	86957	40957	0.47	0	77
NW_022145469.1_region	0	0	0.00	0	0
NW_022145470.1	5000	4548	0.91	0	18
NW_022145470.1_region	0	0	0.00	0	0
NW_022145471.1	25000	192976	7.72	0	158
NW_022145471.1_region	0	0	0.00	0	0
NW_022145472.1	25000	122701	4.91	0	211
NW_022145472.1_region	0	0	0.00	0	0
NW_022145473.1	25000	6726	0.27	0	38
NW_022145473.1_region	0	0	0.00	0	0
NW_022145474.1	25000	1490231	59.61	0	4496
NW_022145474.1_region	4583	35593	7.77	0	792
NW_022145475.1	1000	334	0.33	0	8
NW_022145475.1_region	0	0	0.00	0	0
NW_022145476.1	50000	485714	9.71	0	1755
NW_022145476.1_region	5958	860	0.14	0	6
NW_022145477.1	25000	223111	8.92	0	199
NW_022145477.1_region	1769	42401	23.97	0	65
NW_022145478.1	50000	180778	3.62	0	148
NW_022145478.1_region	3566	155227	43.53	0	73
NW_022145479.1	5000	103163	20.63	0	438
NW_022145479.1_region	0	0	0.00	0	0
NW_022145480.1	15847	7745	0.49	0	66
NW_022145480.1_region	0	0	0.00	0	0
NW_022145481.1	25000	156459	6.26	0	100
NW_022145481.1_region	1828	54051	29.57	0	99
NW_022145482.1	25000	257302	10.29	0	139
NW_022145482.1_region	6670	75028	11.25	0	55
NW_022145483.1	25000	42383	1.70	0	84
NW_022145483.1_region	0	0	0.00	0	0
NW_022145484.1	5000	18757	3.75	0	131
NW_022145484.1_region	5214	4167	0.80	0	40
NW_022145485.1	5000	1859	0.37	0	14
NW_022145485.1_region	0	0	0.00	0	0
NW_022145486.1	5000	21221	4.24	0	66
NW_022145486.1_region	0	0	0.00	0	0
NW_022145487.1	50000	407992	8.16	0	478
NW_022145487.1_region	5526	150970	27.32	0	72
NW_022145488.1	40000	840	0.02	0	22
NW_022145488.1_region	0	0	0.00	0	0
NW_022145489.1	25000	217433	8.70	0	164
NW_022145489.1_region	4981	101775	20.43	0	82
NW_022145490.1	50000	519879	10.40	0	2074
NW_022145490.1_region	0	0	0.00	0	0
NW_022145491.1	115136	296	0.00	0	4
NW_022145491.1_region	0	0	0.00	0	0
NW_022145492.1	50000	69146	1.38	0	212
NW_022145492.1_region	538	6628	12.32	0	36
NW_022145493.1	50000	1374181	27.48	0	658
NW_022145493.1_region	1727	43691	25.30	0	85
NW_022145494.1	25000	511847	20.47	0	938
NW_022145494.1_region	0	0	0.00	0	0
NW_022145495.1	50000	675148	13.50	0	644
NW_022145495.1_region	0	0	0.00	0	0
NW_022145496.1	25000	245725	9.83	0	331
NW_022145496.1_region	3257	55568	17.06	0	140
NW_022145497.1	25000	37925	1.52	0	69
NW_022145497.1_region	0	0	0.00	0	0
NW_022145498.1	25000	449543	17.98	0	271
NW_022145498.1_region	2020	120030	59.42	0	153
NW_022145499.1	50000	2140121	42.80	0	3284
NW_022145499.1_region	2727	145205	53.25	0	192
NW_022145500.1	25000	118431	4.74	0	649
NW_022145500.1_region	0	0	0.00	0	0
NW_022145501.1	25000	725952	29.04	0	3555
NW_022145501.1_region	0	0	0.00	0	0
NW_022145502.1	61323	688	0.01	0	10
NW_022145502.1_region	0	0	0.00	0	0
NW_022145503.1	25000	449459	17.98	0	5346
NW_022145503.1_region	0	0	0.00	0	0
NW_022145504.1	25000	189535	7.58	0	398
NW_022145504.1_region	818	24609	30.08	0	67
NW_022145505.1	25000	423	0.02	0	3
NW_022145505.1_region	0	0	0.00	0	0
NW_022145506.1	50000	678732	13.57	0	4736
NW_022145506.1_region	5037	60933	12.10	0	52
NW_022145507.1	240000	841008	3.50	0	1289
NW_022145507.1_region	64869	82244	1.27	0	45
NW_022145508.1	256744	1046001	4.07	0	928
NW_022145508.1_region	20000	607167	30.36	0	84
NW_022145509.1	50000	1168519	23.37	0	873
NW_022145509.1_region	8952	391511	43.73	0	85
NW_022145510.1	50000	755635	15.11	0	590
NW_022145510.1_region	4232	251889	59.52	0	106
NW_022145511.1	125000	981151	7.85	0	231
NW_022145511.1_region	3854	123545	32.06	0	66
NW_022145512.1	264514	2596799	9.82	0	3973
NW_022145512.1_region	15649	455045	29.08	0	134
NW_022145513.1	15455	3945	0.26	0	21
NW_022145513.1_region	0	0	0.00	0	0
NW_022145514.1	1221726	21225073	17.37	0	4105
NW_022145514.1_region	180988	4731008	26.14	0	743
NW_022145515.1	446053	7790673	17.47	0	2955
NW_022145515.1_region	28314	582550	20.57	0	91
NW_022145516.1	1773824	31672863	17.86	0	9918
NW_022145516.1_region	111525	2925352	26.23	0	471
NW_022145517.1	410634	5873813	14.30	0	1994
NW_022145517.1_region	104566	2576210	24.64	0	109
NW_022145518.1	296294	3362903	11.35	0	715
NW_022145518.1_region	56860	1269523	22.33	0	93
NW_022145519.1	501666	10344144	20.62	0	10488
NW_022145519.1_region	76195	1739340	22.83	0	312
NW_022145520.1	2604766	41089854	15.77	0	7825
NW_022145520.1_region	280091	6492540	23.18	0	872
NW_022145521.1	834627	13747202	16.47	0	3652
NW_022145521.1_region	117831	2684190	22.78	0	270
NW_022145522.1	601000	10400704	17.31	0	9251
NW_022145522.1_region	63701	1003849	15.76	0	267
NW_022145523.1	367191	4893635	13.33	0	976
NW_022145523.1_region	52059	951346	18.27	0	167
NW_022145524.1	25673	6920	0.27	0	27
NW_022145524.1_region	1236	0	0.00	0	0
NW_022145525.1	496028	8106668	16.34	0	5597
NW_022145525.1_region	80238	1373741	17.12	0	1576
NW_022145526.1	2368880	51104116	21.57	0	20863
NW_022145526.1_region	224985	4021892	17.88	0	648
NW_022145527.1	766201	10029056	13.09	0	1931
NW_022145527.1_region	133615	3320771	24.85	0	190
NW_022145528.1	991221	16761989	16.91	0	10807
NW_022145528.1_region	111577	3077633	27.58	0	203
NW_022145529.1	437458	6112121	13.97	0	6003
NW_022145529.1_region	51706	1362210	26.35	0	287
NW_022145530.1	684040	13680495	20.00	0	12333
NW_022145530.1_region	77843	2289560	29.41	0	737
NW_022145531.1	219183	2573188	11.74	0	1578
NW_022145531.1_region	35097	664903	18.94	0	179
NW_022145532.1	1289379	18891737	14.65	0	3944
NW_022145532.1_region	178727	3833024	21.45	0	129
NW_022145533.1	364073	8193100	22.50	0	8960
NW_022145533.1_region	50762	1063207	20.94	0	225
NW_022145534.1	1128541	19514295	17.29	0	8864
NW_022145534.1_region	135398	3248639	23.99	0	372
NW_022145535.1	17605	8297	0.47	0	18
NW_022145535.1_region	0	0	0.00	0	0
NW_022145536.1	139137	1733921	12.46	0	388
NW_022145536.1_region	11066	227214	20.53	0	195
NW_022145537.1	426703	5608719	13.14	0	2887
NW_022145537.1_region	49425	1171418	23.70	0	358
NW_022145538.1	583819	9376101	16.06	0	2042
NW_022145538.1_region	76564	1467588	19.17	0	154
NW_022145539.1	1685109	29924983	17.76	0	7338
NW_022145539.1_region	177595	4662649	26.25	0	1966
NW_022145540.1	549706	8057213	14.66	0	1724
NW_022145540.1_region	129365	3229725	24.97	0	357
NW_022145541.1	1073309	15634418	14.57	0	3089
NW_022145541.1_region	86888	1931220	22.23	0	526
NW_022145542.1	1383299	20658654	14.93	0	2176
NW_022145542.1_region	210797	4209601	19.97	0	274
NW_022145543.1	1596249	22385184	14.02	0	7467
NW_022145543.1_region	172495	3864359	22.40	0	664
NW_022145544.1	2048326	30860483	15.07	0	3207
NW_022145544.1_region	335759	8229263	24.51	0	1863
NW_022145545.1	1678063	27803592	16.57	0	5547
NW_022145545.1_region	327231	7644858	23.36	0	1258
NW_022145546.1	53450	584	0.01	0	4
NW_022145546.1_region	0	0	0.00	0	0
NW_022145547.1	2234538	33650032	15.06	0	10235
NW_022145547.1_region	281912	5881574	20.86	0	641
NW_022145548.1	722242	12528477	17.35	0	5044
NW_022145548.1_region	65562	1580809	24.11	0	350
NW_022145549.1	1791521	26935013	15.03	0	8930
NW_022145549.1_region	223237	4732035	21.20	0	237
NW_022145550.1	1496376	20128867	13.45	0	3228
NW_022145550.1_region	152149	2746727	18.05	0	276
NW_022145551.1	2795456	43271073	15.48	0	11619
NW_022145551.1_region	337009	8177990	24.27	0	798
NW_022145552.1	2303257	37401054	16.24	0	7555
NW_022145552.1_region	359286	8666131	24.12	0	469
NW_022145553.1	1021577	13452269	13.17	0	3205
NW_022145553.1_region	105661	2366968	22.40	0	605
NW_022145554.1	2052140	35065973	17.09	0	8703
NW_022145554.1_region	315312	7137361	22.64	0	388
NW_022145555.1	898903	12691609	14.12	0	2048
NW_022145555.1_region	131545	2716106	20.65	0	122
NW_022145556.1	638884	4738975	7.42	0	6190
NW_022145556.1_region	7919	143952	18.18	0	138
NW_022145557.1	22264	7656	0.34	0	15
NW_022145557.1_region	840	193	0.23	0	6
NW_022145558.1	2570869	36151651	14.06	0	12453
NW_022145558.1_region	271207	4854452	17.90	0	2301
NW_022145559.1	1083236	18957311	17.50	0	3364
NW_022145559.1_region	113537	3723955	32.80	0	930
NW_022145560.1	1242028	21033858	16.94	0	10385
NW_022145560.1_region	159941	2956290	18.48	0	704
NW_022145561.1	1175743	18535542	15.76	0	5305
NW_022145561.1_region	125292	3205986	25.59	0	274
NW_022145562.1	889695	15941272	17.92	0	2499
NW_022145562.1_region	69917	1704560	24.38	0	446
NW_022145563.1	1261903	22036160	17.46	0	9352
NW_022145563.1_region	265524	5529452	20.82	0	418
NW_022145564.1	710235	7916595	11.15	0	2083
NW_022145564.1_region	28828	567519	19.69	0	258
NW_022145565.1	722416	11784094	16.31	0	3364
NW_022145565.1_region	117891	2486440	21.09	0	672
NW_022145566.1	3042594	52347592	17.20	0	6964
NW_022145566.1_region	507522	11871386	23.39	0	1206
NW_022145567.1	781304	12008136	15.37	0	1687
NW_022145567.1_region	93044	2771171	29.78	0	1472
NW_022145568.1	22583	9767	0.43	0	31
NW_022145568.1_region	0	0	0.00	0	0
NW_022145569.1	494736	10033682	20.28	0	4381
NW_022145569.1_region	40733	731481	17.96	0	248
NW_022145570.1	4944709	73341835	14.83	0	7642
NW_022145570.1_region	721707	25476687	35.30	0	867
NW_022145571.1	1505274	21511936	14.29	0	2687
NW_022145571.1_region	224862	4960144	22.06	0	1754
NW_022145572.1	1505788	18867004	12.53	0	5842
NW_022145572.1_region	127958	2884644	22.54	0	1008
NW_022145573.1	529305	7943770	15.01	0	3659
NW_022145573.1_region	84450	2289511	27.11	0	160
NW_022145574.1	1404637	22431474	15.97	0	4166
NW_022145574.1_region	730803	19895346	27.22	0	376
NW_022145575.1	3300603	51668977	15.65	0	12559
NW_022145575.1_region	385392	8932409	23.18	0	1413
NW_022145576.1	2906720	49625531	17.07	0	11739
NW_022145576.1_region	455122	16131641	35.44	0	1408
NW_022145577.1	252291	4197044	16.64	0	2630
NW_022145577.1_region	61448	1326225	21.58	0	184
NW_022145578.1	630834	8036341	12.74	0	3652
NW_022145578.1_region	120357	3068993	25.50	0	3652
NW_022145579.1	83414	2491	0.03	0	13
NW_022145579.1_region	0	0	0.00	0	0
NW_022145580.1	1039218	15369485	14.79	0	1990
NW_022145580.1_region	176731	4034472	22.83	0	793
NW_022145581.1	427848	4902387	11.46	0	1908
NW_022145581.1_region	69729	1023953	14.68	0	182
NW_022145582.1	15763	5024	0.32	0	17
NW_022145582.1_region	1211	4	0.00	0	2
NW_022145583.1	16615	4615	0.28	0	15
NW_022145583.1_region	860	0	0.00	0	0
NW_022145584.1	16732	4587	0.27	0	32
NW_022145584.1_region	702	144	0.21	0	8
NW_022145585.1	21525	10286	0.48	0	53
NW_022145585.1_region	0	0	0.00	0	0
NW_022145586.1	22644	7717	0.34	0	16
NW_022145586.1_region	0	0	0.00	0	0
NW_022145587.1	22806	7689	0.34	0	24
NW_022145587.1_region	2589	216	0.08	0	10
NW_022145588.1	61109	7508	0.12	0	24
NW_022145588.1_region	0	0	0.00	0	0
NW_022145589.1	111277	356	0.00	0	8
NW_022145589.1_region	0	0	0.00	0	0
NW_022145590.1	98897	240	0.00	0	5
NW_022145590.1_region	0	0	0.00	0	0
NW_022145591.1	92921	39756	0.43	0	35
NW_022145591.1_region	0	0	0.00	0	0
NW_022145592.1	82943	3633	0.04	0	64
NW_022145592.1_region	0	0	0.00	0	0
NW_022145593.1	66312	114	0.00	0	6
NW_022145593.1_region	0	0	0.00	0	0
NW_022145594.1	53101916	1046044646	19.70	0	25026
NW_022145594.1_region	4928527	153621947	31.17	0	2759
NW_022145595.1	29984350	633796498	21.14	0	29676
NW_022145595.1_region	4597686	166870367	36.29	0	6673
NW_022145596.1	33320444	750805470	22.53	0	17515
NW_022145596.1_region	5343021	210042183	39.31	0	1888
NW_022145597.1	34141700	759817153	22.25	0	21120
NW_022145597.1_region	4699766	184299509	39.21	0	4953
NW_022145598.1	37305039	694612897	18.62	0	15594
NW_022145598.1_region	4219744	149203032	35.36	0	4171
NW_022145599.1	37767046	777609273	20.59	0	23688
NW_022145599.1_region	5785353	210784894	36.43	0	18526
NW_022145600.1	37282239	780779532	20.94	0	20975
NW_022145600.1_region	4976651	171352566	34.43	0	6675
NW_022145601.1	35007347	699680713	19.99	0	22857
NW_022145601.1_region	4746343	163696373	34.49	0	4330
NW_022145602.1	30021120	540595623	18.01	0	20123
NW_022145602.1_region	4746405	118603191	24.99	0	13095
NW_022145603.1	34285068	598922384	17.47	0	21190
NW_022145603.1_region	3304294	111435220	33.72	0	3900
NW_022145604.1	33742549	657648821	19.49	0	26863
NW_022145604.1_region	4561774	155756293	34.14	0	2343
NW_022145605.1	42589791	855143035	20.08	0	25515
NW_022145605.1_region	5913597	211760866	35.81	0	4720
NW_022145606.1	52437917	824271316	15.72	0	28346
NW_022145606.1_region	4499231	123637946	27.48	0	3326
NW_022145607.1	45798072	886025141	19.35	0	22653
NW_022145607.1_region	5492587	200351402	36.48	0	5608
NW_022145608.1	80573	283812	3.52	0	496
NW_022145608.1_region	446	6542	14.67	0	33
NW_022145609.1	39838600	800045174	20.08	0	13990
NW_022145609.1_region	5061190	179879962	35.54	0	11460
NW_022145610.1	35917773	738338778	20.56	0	18073
NW_022145610.1_region	5207114	195777471	37.60	0	2628
NW_022145611.1	45225044	1020968077	22.58	0	17129
NW_022145611.1_region	8660143	336222764	38.82	0	5180
NW_022145612.1	62154208	1426414721	22.95	0	27000
NW_022145612.1_region	13398045	503660684	37.59	0	7065
NW_022145613.1	39667378	942608501	23.76	0	23432
NW_022145613.1_region	7338764	303018602	41.29	0	9488
NW_022145614.1	33637615	798714397	23.74	0	12258
NW_022145614.1_region	5894039	234137528	39.72	0	2708
NW_022145615.1	35239632	830227335	23.56	0	17681
NW_022145615.1_region	5487866	222892692	40.62	0	4290
NC_001453.1	15650	10940198	699.05	0	2247
NC_001453.1_region	0	0	0.00	0	0
total	921853439	18364461378	19.92	0	29676
total_region	129965140	4572732682	35.18	0	18526
