chrom	length	bases	mean	min	max
NW_022144747.1	60028	146	0.00	0	2
NW_022144747.1_region	0	0	0.00	0	0
NW_022144748.1	57988	271	0.00	0	4
NW_022144748.1_region	939	0	0.00	0	0
NW_022144751.1	44134	622	0.01	0	3
NW_022144751.1_region	4170	52	0.01	0	2
NW_022144753.1	32290	76	0.00	0	2
NW_022144753.1_region	819	0	0.00	0	0
NW_022144754.1	30490	40	0.00	0	2
NW_022144754.1_region	0	0	0.00	0	0
NW_022144755.1	29101	90	0.00	0	2
NW_022144755.1_region	0	0	0.00	0	0
NW_022144756.1	26146	851	0.03	0	18
NW_022144756.1_region	0	0	0.00	0	0
NW_022144757.1	25658	259	0.01	0	2
NW_022144757.1_region	2781	0	0.00	0	0
NW_022144759.1	25179	163	0.01	0	2
NW_022144759.1_region	8430	19	0.00	0	1
NW_022144760.1	24030	148	0.01	0	4
NW_022144760.1_region	996	0	0.00	0	0
NW_022144761.1	23711	352	0.01	0	4
NW_022144761.1_region	0	0	0.00	0	0
NW_022144762.1	23070	127	0.01	0	2
NW_022144762.1_region	1032	42	0.04	0	2
NW_022144763.1	22953	231	0.01	0	3
NW_022144763.1_region	2952	0	0.00	0	0
NW_022144764.1	22620	201	0.01	0	3
NW_022144764.1_region	2640	1	0.00	0	1
NW_022144766.1	21973	211	0.01	0	4
NW_022144766.1_region	0	0	0.00	0	0
NW_022144767.1	21667	105	0.00	0	2
NW_022144767.1_region	0	0	0.00	0	0
NW_022144768.1	21625	90	0.00	0	2
NW_022144768.1_region	0	0	0.00	0	0
NW_022144769.1	21387	138	0.01	0	2
NW_022144769.1_region	0	0	0.00	0	0
NW_022144770.1	21139	168	0.01	0	2
NW_022144770.1_region	3847	0	0.00	0	0
NW_022144771.1	21068	103	0.00	0	2
NW_022144771.1_region	0	0	0.00	0	0
NW_022144772.1	21005	64	0.00	0	1
NW_022144772.1_region	0	0	0.00	0	0
NW_022144773.1	20784	60	0.00	0	2
NW_022144773.1_region	0	0	0.00	0	0
NW_022144774.1	20670	76	0.00	0	2
NW_022144774.1_region	0	0	0.00	0	0
NW_022144775.1	20129	213	0.01	0	3
NW_022144775.1_region	0	0	0.00	0	0
NW_022144776.1	19833	150	0.01	0	3
NW_022144776.1_region	1593	0	0.00	0	0
NW_022144777.1	19372	248	0.01	0	4
NW_022144777.1_region	0	0	0.00	0	0
NW_022144780.1	18903	139	0.01	0	2
NW_022144780.1_region	0	0	0.00	0	0
NW_022144781.1	18719	121	0.01	0	2
NW_022144781.1_region	0	0	0.00	0	0
NW_022144782.1	18716	88	0.00	0	2
NW_022144782.1_region	0	0	0.00	0	0
NW_022144783.1	18557	124	0.01	0	2
NW_022144783.1_region	312	0	0.00	0	0
NW_022144784.1	18439	79	0.00	0	2
NW_022144784.1_region	0	0	0.00	0	0
NW_022144785.1	18330	103	0.01	0	2
NW_022144785.1_region	0	0	0.00	0	0
NW_022144786.1	18214	88	0.00	0	2
NW_022144786.1_region	0	0	0.00	0	0
NW_022144787.1	18153	19	0.00	0	1
NW_022144787.1_region	0	0	0.00	0	0
NW_022144788.1	17951	38	0.00	0	2
NW_022144788.1_region	0	0	0.00	0	0
NW_022144789.1	17798	117	0.01	0	2
NW_022144789.1_region	0	0	0.00	0	0
NW_022144791.1	17648	40	0.00	0	1
NW_022144791.1_region	0	0	0.00	0	0
NW_022144792.1	17542	22	0.00	0	1
NW_022144792.1_region	1403	0	0.00	0	0
NW_022144793.1	17493	215	0.01	0	2
NW_022144793.1_region	0	0	0.00	0	0
NW_022144794.1	17213	154	0.01	0	2
NW_022144794.1_region	0	0	0.00	0	0
NW_022144795.1	17172	300	0.02	0	8
NW_022144795.1_region	0	0	0.00	0	0
NW_022144796.1	17039	345	0.02	0	10
NW_022144796.1_region	894	0	0.00	0	0
NW_022144797.1	17012	133	0.01	0	2
NW_022144797.1_region	0	0	0.00	0	0
NW_022144798.1	16271	38	0.00	0	2
NW_022144798.1_region	0	0	0.00	0	0
NW_022144799.1	16212	344	0.02	0	3
NW_022144799.1_region	1650	38	0.02	0	2
NW_022144800.1	16196	41	0.00	0	1
NW_022144800.1_region	0	0	0.00	0	0
NW_022144801.1	16082	561	0.03	0	10
NW_022144801.1_region	0	0	0.00	0	0
NW_022144802.1	16073	331	0.02	0	3
NW_022144802.1_region	0	0	0.00	0	0
NW_022144803.1	15882	276	0.02	0	4
NW_022144803.1_region	0	0	0.00	0	0
NW_022144804.1	15872	61	0.00	0	2
NW_022144804.1_region	1277	0	0.00	0	0
NW_022144805.1	15755	120	0.01	0	2
NW_022144805.1_region	0	0	0.00	0	0
NW_022144806.1	15729	144	0.01	0	2
NW_022144806.1_region	0	0	0.00	0	0
NW_022144807.1	15717	86	0.01	0	2
NW_022144807.1_region	0	0	0.00	0	0
NW_022144808.1	15697	160	0.01	0	2
NW_022144808.1_region	0	0	0.00	0	0
NW_022144809.1	15254	201	0.01	0	8
NW_022144809.1_region	624	0	0.00	0	0
NW_022144810.1	15245	40	0.00	0	2
NW_022144810.1_region	0	0	0.00	0	0
NW_022144811.1	15184	38	0.00	0	2
NW_022144811.1_region	1176	0	0.00	0	0
NW_022144812.1	15180	95	0.01	0	2
NW_022144812.1_region	0	0	0.00	0	0
NW_022144813.1	64470	6552470	101.64	0	2179
NW_022144813.1_region	2668	129251	48.44	3	81
NW_022144814.1	20273	125	0.01	0	2
NW_022144814.1_region	0	0	0.00	0	0
NW_022144815.1	19793	326	0.02	0	6
NW_022144815.1_region	0	0	0.00	0	0
NW_022144816.1	18134	332	0.02	0	5
NW_022144816.1_region	555	16	0.03	0	2
NW_022144817.1	17838	373	0.02	0	4
NW_022144817.1_region	0	0	0.00	0	0
NW_022144818.1	15663	270	0.02	0	6
NW_022144818.1_region	0	0	0.00	0	0
NW_022144819.1	25897	310484	11.99	0	155
NW_022144819.1_region	1580	56187	35.56	0	140
NW_022144820.1	14953	62	0.00	0	2
NW_022144820.1_region	0	0	0.00	0	0
NW_022144821.1	14859	552	0.04	0	13
NW_022144821.1_region	0	0	0.00	0	0
NW_022144823.1	14815	40	0.00	0	2
NW_022144823.1_region	0	0	0.00	0	0
NW_022144824.1	14806	145	0.01	0	3
NW_022144824.1_region	0	0	0.00	0	0
NW_022144826.1	14747	104	0.01	0	2
NW_022144826.1_region	0	0	0.00	0	0
NW_022144827.1	14741	346	0.02	0	6
NW_022144827.1_region	0	0	0.00	0	0
NW_022144828.1	14710	80	0.01	0	4
NW_022144828.1_region	1104	0	0.00	0	0
NW_022144829.1	14707	59	0.00	0	2
NW_022144829.1_region	0	0	0.00	0	0
NW_022144830.1	14679	254	0.02	0	6
NW_022144830.1_region	549	38	0.07	0	2
NW_022144831.1	14604	108	0.01	0	2
NW_022144831.1_region	0	0	0.00	0	0
NW_022144832.1	14536	126	0.01	0	2
NW_022144832.1_region	0	0	0.00	0	0
NW_022144833.1	14472	529	0.04	0	8
NW_022144833.1_region	0	0	0.00	0	0
NW_022144834.1	14424	270	0.02	0	6
NW_022144834.1_region	0	0	0.00	0	0
NW_022144835.1	14392	34828	2.42	0	62
NW_022144835.1_region	0	0	0.00	0	0
NW_022144836.1	14366	189	0.01	0	6
NW_022144836.1_region	0	0	0.00	0	0
NW_022144837.1	14316	134	0.01	0	2
NW_022144837.1_region	474	0	0.00	0	0
NW_022144838.1	14178	508	0.04	0	18
NW_022144838.1_region	557	0	0.00	0	0
NW_022144839.1	14036	128	0.01	0	3
NW_022144839.1_region	0	0	0.00	0	0
NW_022144840.1	13984	38	0.00	0	2
NW_022144840.1_region	0	0	0.00	0	0
NW_022144841.1	13922	76	0.01	0	4
NW_022144841.1_region	642	0	0.00	0	0
NW_022144842.1	13691	441	0.03	0	7
NW_022144842.1_region	765	0	0.00	0	0
NW_022144843.1	13690	88	0.01	0	2
NW_022144843.1_region	825	0	0.00	0	0
NW_022144844.1	13628	76	0.01	0	2
NW_022144844.1_region	975	0	0.00	0	0
NW_022144845.1	13496	475	0.04	0	8
NW_022144845.1_region	0	0	0.00	0	0
NW_022144846.1	13451	38	0.00	0	2
NW_022144846.1_region	0	0	0.00	0	0
NW_022144847.1	13443	388	0.03	0	4
NW_022144847.1_region	0	0	0.00	0	0
NW_022144848.1	13325	42	0.00	0	1
NW_022144848.1_region	0	0	0.00	0	0
NW_022144849.1	13232	318	0.02	0	3
NW_022144849.1_region	501	0	0.00	0	0
NW_022144850.1	13217	19	0.00	0	1
NW_022144850.1_region	0	0	0.00	0	0
NW_022144851.1	13037	494	0.04	0	11
NW_022144851.1_region	0	0	0.00	0	0
NW_022144852.1	13005	80	0.01	0	2
NW_022144852.1_region	0	0	0.00	0	0
NW_022144853.1	12874	953626	74.07	0	744
NW_022144853.1_region	0	0	0.00	0	0
NW_022144854.1	12677	164	0.01	0	2
NW_022144854.1_region	0	0	0.00	0	0
NW_022144855.1	12615	60	0.00	0	2
NW_022144855.1_region	0	0	0.00	0	0
NW_022144858.1	12426	144	0.01	0	3
NW_022144858.1_region	0	0	0.00	0	0
NW_022144860.1	12325	263	0.02	0	4
NW_022144860.1_region	0	0	0.00	0	0
NW_022144861.1	12317	44	0.00	0	2
NW_022144861.1_region	0	0	0.00	0	0
NW_022144862.1	12297	138	0.01	0	4
NW_022144862.1_region	657	0	0.00	0	0
NW_022144863.1	12291	388	0.03	0	6
NW_022144863.1_region	0	0	0.00	0	0
NW_022144864.1	12247	180	0.01	0	4
NW_022144864.1_region	0	0	0.00	0	0
NW_022144865.1	12235	150	0.01	0	2
NW_022144865.1_region	495	30	0.06	0	2
NW_022144866.1	12202	137	0.01	0	4
NW_022144866.1_region	0	0	0.00	0	0
NW_022144867.1	12165	0	0.00	0	0
NW_022144867.1_region	0	0	0.00	0	0
NW_022144868.1	12125	243	0.02	0	6
NW_022144868.1_region	0	0	0.00	0	0
NW_022144869.1	12087	896364	74.16	0	476
NW_022144869.1_region	0	0	0.00	0	0
NW_022144871.1	11989	517	0.04	0	11
NW_022144871.1_region	0	0	0.00	0	0
NW_022144872.1	11899	72	0.01	0	2
NW_022144872.1_region	0	0	0.00	0	0
NW_022144873.1	11852	4761	0.40	0	36
NW_022144873.1_region	1830	4689	2.56	0	36
NW_022144874.1	11838	38	0.00	0	2
NW_022144874.1_region	0	0	0.00	0	0
NW_022144875.1	11825	100	0.01	0	2
NW_022144875.1_region	469	0	0.00	0	0
NW_022144876.1	11673	394	0.03	0	7
NW_022144876.1_region	0	0	0.00	0	0
NW_022144877.1	11635	76	0.01	0	2
NW_022144877.1_region	0	0	0.00	0	0
NW_022144878.1	11630	21	0.00	0	1
NW_022144878.1_region	1896	0	0.00	0	0
NW_022144879.1	11539	147	0.01	0	2
NW_022144879.1_region	0	0	0.00	0	0
NW_022144880.1	11518	178	0.02	0	5
NW_022144880.1_region	0	0	0.00	0	0
NW_022144881.1	11448	474	0.04	0	12
NW_022144881.1_region	0	0	0.00	0	0
NW_022144882.1	11400	332	0.03	0	8
NW_022144882.1_region	0	0	0.00	0	0
NW_022144884.1	11268	23	0.00	0	1
NW_022144884.1_region	0	0	0.00	0	0
NW_022144885.1	11127	215	0.02	0	4
NW_022144885.1_region	0	0	0.00	0	0
NW_022144886.1	74569	5200607	69.74	0	248
NW_022144886.1_region	0	0	0.00	0	0
NW_022144887.1	11069	124	0.01	0	4
NW_022144887.1_region	0	0	0.00	0	0
NW_022144888.1	11058	152	0.01	0	4
NW_022144888.1_region	0	0	0.00	0	0
NW_022144889.1	11056	124	0.01	0	3
NW_022144889.1_region	0	0	0.00	0	0
NW_022144890.1	10990	44	0.00	0	1
NW_022144890.1_region	957	0	0.00	0	0
NW_022144891.1	10968	150	0.01	0	2
NW_022144891.1_region	0	0	0.00	0	0
NW_022144892.1	10910	40	0.00	0	2
NW_022144892.1_region	0	0	0.00	0	0
NW_022144893.1	10903	66	0.01	0	2
NW_022144893.1_region	0	0	0.00	0	0
NW_022144895.1	10747	38	0.00	0	2
NW_022144895.1_region	0	0	0.00	0	0
NW_022144896.1	10744	84	0.01	0	2
NW_022144896.1_region	1205	0	0.00	0	0
NW_022144897.1	116516	15955384	136.94	0	662
NW_022144897.1_region	8798	995023	113.10	65	210
NW_022144898.1	10667	101377	9.50	0	69
NW_022144898.1_region	503	11202	22.27	0	69
NW_022144899.1	10605	163	0.02	0	7
NW_022144899.1_region	0	0	0.00	0	0
NW_022144900.1	10598	325	0.03	0	8
NW_022144900.1_region	0	0	0.00	0	0
NW_022144901.1	10582	321	0.03	0	7
NW_022144901.1_region	1699	0	0.00	0	0
NW_022144902.1	10532	50	0.00	0	2
NW_022144902.1_region	0	0	0.00	0	0
NW_022144903.1	10529	109	0.01	0	3
NW_022144903.1_region	0	0	0.00	0	0
NW_022144904.1	10526	0	0.00	0	0
NW_022144904.1_region	335	0	0.00	0	0
NW_022144905.1	10508	114	0.01	0	3
NW_022144905.1_region	0	0	0.00	0	0
NW_022144906.1	10376	281	0.03	0	9
NW_022144906.1_region	395	0	0.00	0	0
NW_022144907.1	10259	103	0.01	0	2
NW_022144907.1_region	0	0	0.00	0	0
NW_022144908.1	57212	3322631	58.08	0	246
NW_022144908.1_region	0	0	0.00	0	0
NW_022144909.1	10257	118	0.01	0	4
NW_022144909.1_region	0	0	0.00	0	0
NW_022144910.1	10238	69	0.01	0	1
NW_022144910.1_region	0	0	0.00	0	0
NW_022144911.1	10215	20	0.00	0	1
NW_022144911.1_region	1194	0	0.00	0	0
NW_022144913.1	10045	205	0.02	0	4
NW_022144913.1_region	0	0	0.00	0	0
NW_022144914.1	10027	107	0.01	0	2
NW_022144914.1_region	0	0	0.00	0	0
NW_022144915.1	10023	164	0.02	0	3
NW_022144915.1_region	0	0	0.00	0	0
NW_022144916.1	9977	120	0.01	0	2
NW_022144916.1_region	0	0	0.00	0	0
NW_022144917.1	9968	189	0.02	0	4
NW_022144917.1_region	0	0	0.00	0	0
NW_022144918.1	9948	568	0.06	0	8
NW_022144918.1_region	0	0	0.00	0	0
NW_022144919.1	101694	3035004	29.84	0	426
NW_022144919.1_region	0	0	0.00	0	0
NW_022144920.1	9893	88	0.01	0	3
NW_022144920.1_region	0	0	0.00	0	0
NW_022144921.1	9870	97	0.01	0	2
NW_022144921.1_region	0	0	0.00	0	0
NW_022144922.1	9860	38	0.00	0	2
NW_022144922.1_region	0	0	0.00	0	0
NW_022144924.1	9823	21	0.00	0	1
NW_022144924.1_region	0	0	0.00	0	0
NW_022144925.1	9791	80	0.01	0	4
NW_022144925.1_region	333	0	0.00	0	0
NW_022144926.1	9769	22	0.00	0	1
NW_022144926.1_region	1017	0	0.00	0	0
NW_022144928.1	9694	78	0.01	0	1
NW_022144928.1_region	740	0	0.00	0	0
NW_022144929.1	9642	121	0.01	0	2
NW_022144929.1_region	0	0	0.00	0	0
NW_022144930.1	49449	2333522	47.19	0	140
NW_022144930.1_region	920	53205	57.83	29	80
NW_022144931.1	9636	327	0.03	0	9
NW_022144931.1_region	1002	0	0.00	0	0
NW_022144932.1	9590	60	0.01	0	2
NW_022144932.1_region	0	0	0.00	0	0
NW_022144933.1	9519	68	0.01	0	2
NW_022144933.1_region	0	0	0.00	0	0
NW_022144934.1	9503	159	0.02	0	4
NW_022144934.1_region	586	0	0.00	0	0
NW_022144936.1	9315	245	0.03	0	5
NW_022144936.1_region	0	0	0.00	0	0
NW_022144937.1	9305	408	0.04	0	9
NW_022144937.1_region	0	0	0.00	0	0
NW_022144938.1	9294	147	0.02	0	7
NW_022144938.1_region	0	0	0.00	0	0
NW_022144939.1	9275	52	0.01	0	1
NW_022144939.1_region	0	0	0.00	0	0
NW_022144940.1	9267	20	0.00	0	1
NW_022144940.1_region	0	0	0.00	0	0
NW_022144941.1	159342	15589039	97.83	0	444
NW_022144941.1_region	10419	944023	90.61	3	153
NW_022144942.1	9236	40	0.00	0	1
NW_022144942.1_region	0	0	0.00	0	0
NW_022144943.1	9207	238	0.03	0	2
NW_022144943.1_region	0	0	0.00	0	0
NW_022144944.1	9202	61	0.01	0	2
NW_022144944.1_region	0	0	0.00	0	0
NW_022144945.1	9131	343	0.04	0	10
NW_022144945.1_region	489	0	0.00	0	0
NW_022144946.1	9108	124	0.01	0	2
NW_022144946.1_region	0	0	0.00	0	0
NW_022144947.1	9060	0	0.00	0	0
NW_022144947.1_region	0	0	0.00	0	0
NW_022144948.1	9047	126	0.01	0	4
NW_022144948.1_region	627	0	0.00	0	0
NW_022144949.1	9042	864	0.10	0	32
NW_022144949.1_region	0	0	0.00	0	0
NW_022144950.1	8932	77	0.01	0	2
NW_022144950.1_region	0	0	0.00	0	0
NW_022144951.1	8878	575	0.06	0	13
NW_022144951.1_region	0	0	0.00	0	0
NW_022144952.1	134345	10243167	76.25	0	327
NW_022144952.1_region	6643	697987	105.07	0	174
NW_022144954.1	8825	44	0.00	0	2
NW_022144954.1_region	468	0	0.00	0	0
NW_022144955.1	8703	31	0.00	0	1
NW_022144955.1_region	0	0	0.00	0	0
NW_022144956.1	8644	63	0.01	0	1
NW_022144956.1_region	0	0	0.00	0	0
NW_022144957.1	8617	139	0.02	0	3
NW_022144957.1_region	0	0	0.00	0	0
NW_022144958.1	8592	80	0.01	0	2
NW_022144958.1_region	0	0	0.00	0	0
NW_022144960.1	8539	91	0.01	0	2
NW_022144960.1_region	0	0	0.00	0	0
NW_022144961.1	8519	31	0.00	0	1
NW_022144961.1_region	0	0	0.00	0	0
NW_022144963.1	63343	6197926	97.85	0	348
NW_022144963.1_region	868	27190	31.32	0	71
NW_022144964.1	8499	195	0.02	0	3
NW_022144964.1_region	0	0	0.00	0	0
NW_022144965.1	8462	148	0.02	0	4
NW_022144965.1_region	0	0	0.00	0	0
NW_022144966.1	8446	166	0.02	0	4
NW_022144966.1_region	0	0	0.00	0	0
NW_022144967.1	8427	0	0.00	0	0
NW_022144967.1_region	0	0	0.00	0	0
NW_022144969.1	8367	80	0.01	0	2
NW_022144969.1_region	0	0	0.00	0	0
NW_022144971.1	8336	38	0.00	0	2
NW_022144971.1_region	0	0	0.00	0	0
NW_022144972.1	8298	72	0.01	0	2
NW_022144972.1_region	0	0	0.00	0	0
NW_022144973.1	8278	38	0.00	0	2
NW_022144973.1_region	0	0	0.00	0	0
NW_022144974.1	161611	12357795	76.47	0	864
NW_022144974.1_region	0	0	0.00	0	0
NW_022144975.1	8272	84	0.01	0	2
NW_022144975.1_region	995	0	0.00	0	0
NW_022144976.1	8270	86	0.01	0	2
NW_022144976.1_region	0	0	0.00	0	0
NW_022144977.1	8265	30	0.00	0	1
NW_022144977.1_region	0	0	0.00	0	0
NW_022144979.1	8217	78	0.01	0	2
NW_022144979.1_region	0	0	0.00	0	0
NW_022144980.1	8208	22	0.00	0	1
NW_022144980.1_region	0	0	0.00	0	0
NW_022144981.1	8193	485155	59.22	0	168
NW_022144981.1_region	0	0	0.00	0	0
NW_022144982.1	8177	2114	0.26	0	44
NW_022144982.1_region	0	0	0.00	0	0
NW_022144983.1	8151	40	0.00	0	2
NW_022144983.1_region	0	0	0.00	0	0
NW_022144984.1	8029	22	0.00	0	1
NW_022144984.1_region	0	0	0.00	0	0
NW_022144985.1	24776	874256	35.29	0	396
NW_022144985.1_region	0	0	0.00	0	0
NW_022144986.1	8004	61	0.01	0	2
NW_022144986.1_region	0	0	0.00	0	0
NW_022144987.1	7998	79	0.01	0	2
NW_022144987.1_region	0	0	0.00	0	0
NW_022144989.1	7982	61	0.01	0	2
NW_022144989.1_region	0	0	0.00	0	0
NW_022144990.1	7899	200	0.03	0	5
NW_022144990.1_region	0	0	0.00	0	0
NW_022144991.1	7891	166	0.02	0	6
NW_022144991.1_region	0	0	0.00	0	0
NW_022144992.1	7805	104	0.01	0	2
NW_022144992.1_region	0	0	0.00	0	0
NW_022144993.1	7728	35	0.00	0	1
NW_022144993.1_region	0	0	0.00	0	0
NW_022144994.1	7684	39	0.01	0	2
NW_022144994.1_region	0	0	0.00	0	0
NW_022144995.1	7678	22	0.00	0	1
NW_022144995.1_region	0	0	0.00	0	0
NW_022144996.1	71277	4907693	68.85	0	1327
NW_022144996.1_region	0	0	0.00	0	0
NW_022144997.1	7613	67	0.01	0	1
NW_022144997.1_region	0	0	0.00	0	0
NW_022144998.1	7609	24	0.00	0	1
NW_022144998.1_region	0	0	0.00	0	0
NW_022144999.1	7608	42	0.01	0	2
NW_022144999.1_region	0	0	0.00	0	0
NW_022145000.1	7606	213	0.03	0	4
NW_022145000.1_region	0	0	0.00	0	0
NW_022145002.1	7546	108	0.01	0	2
NW_022145002.1_region	471	0	0.00	0	0
NW_022145003.1	7508	40	0.01	0	2
NW_022145003.1_region	0	0	0.00	0	0
NW_022145004.1	7486	42	0.01	0	2
NW_022145004.1_region	450	0	0.00	0	0
NW_022145007.1	83156	6944322	83.51	0	1752
NW_022145007.1_region	0	0	0.00	0	0
NW_022145008.1	7433	53	0.01	0	1
NW_022145008.1_region	0	0	0.00	0	0
NW_022145010.1	7379	20	0.00	0	1
NW_022145010.1_region	0	0	0.00	0	0
NW_022145012.1	7323	98	0.01	0	3
NW_022145012.1_region	0	0	0.00	0	0
NW_022145014.1	7312	21	0.00	0	1
NW_022145014.1_region	0	0	0.00	0	0
NW_022145016.1	7291	41	0.01	0	1
NW_022145016.1_region	531	0	0.00	0	0
NW_022145017.1	7290	38	0.01	0	2
NW_022145017.1_region	0	0	0.00	0	0
NW_022145018.1	387561	26657376	68.78	0	328
NW_022145018.1_region	15709	1316856	83.83	0	143
NW_022145020.1	7195	21	0.00	0	1
NW_022145020.1_region	0	0	0.00	0	0
NW_022145021.1	7190	21	0.00	0	1
NW_022145021.1_region	0	0	0.00	0	0
NW_022145022.1	7187	66	0.01	0	1
NW_022145022.1_region	0	0	0.00	0	0
NW_022145023.1	7105	77	0.01	0	4
NW_022145023.1_region	0	0	0.00	0	0
NW_022145024.1	7072	44	0.01	0	2
NW_022145024.1_region	690	0	0.00	0	0
NW_022145025.1	6971	90	0.01	0	2
NW_022145025.1_region	0	0	0.00	0	0
NW_022145026.1	6961	38	0.01	0	2
NW_022145026.1_region	0	0	0.00	0	0
NW_022145029.1	136630	11846163	86.70	0	465
NW_022145029.1_region	1579	75957	48.10	0	78
NW_022145031.1	6886	38	0.01	0	2
NW_022145031.1_region	0	0	0.00	0	0
NW_022145033.1	6839	0	0.00	0	0
NW_022145033.1_region	1329	0	0.00	0	0
NW_022145034.1	6827	62	0.01	0	2
NW_022145034.1_region	0	0	0.00	0	0
NW_022145035.1	6767	40	0.01	0	2
NW_022145035.1_region	537	0	0.00	0	0
NW_022145037.1	6730	1852	0.28	0	42
NW_022145037.1_region	0	0	0.00	0	0
NW_022145038.1	6694	23	0.00	0	1
NW_022145038.1_region	278	0	0.00	0	0
NW_022145039.1	6606	0	0.00	0	0
NW_022145039.1_region	0	0	0.00	0	0
NW_022145040.1	120375	10237334	85.05	0	319
NW_022145040.1_region	0	0	0.00	0	0
NW_022145041.1	6594	78	0.01	0	2
NW_022145041.1_region	1332	0	0.00	0	0
NW_022145043.1	6510	21	0.00	0	1
NW_022145043.1_region	0	0	0.00	0	0
NW_022145046.1	6448	63	0.01	0	3
NW_022145046.1_region	0	0	0.00	0	0
NW_022145050.1	6336	38	0.01	0	2
NW_022145050.1_region	1079	0	0.00	0	0
NW_022145051.1	69137	6169820	89.24	0	1574
NW_022145051.1_region	0	0	0.00	0	0
NW_022145053.1	6318	137	0.02	0	3
NW_022145053.1_region	0	0	0.00	0	0
NW_022145056.1	6197	184	0.03	0	8
NW_022145056.1_region	0	0	0.00	0	0
NW_022145057.1	6184	33	0.01	0	1
NW_022145057.1_region	1390	0	0.00	0	0
NW_022145058.1	6166	64	0.01	0	2
NW_022145058.1_region	0	0	0.00	0	0
NW_022145059.1	6156	87	0.01	0	3
NW_022145059.1_region	0	0	0.00	0	0
NW_022145061.1	6137	114	0.02	0	2
NW_022145061.1_region	0	0	0.00	0	0
NW_022145062.1	47922	3261557	68.06	0	188
NW_022145062.1_region	0	0	0.00	0	0
NW_022145063.1	6118	40	0.01	0	2
NW_022145063.1_region	0	0	0.00	0	0
NW_022145064.1	6116	33	0.01	0	1
NW_022145064.1_region	663	0	0.00	0	0
NW_022145065.1	6099	96	0.02	0	4
NW_022145065.1_region	0	0	0.00	0	0
NW_022145066.1	6082	187	0.03	0	4
NW_022145066.1_region	0	0	0.00	0	0
NW_022145068.1	6067	31	0.01	0	1
NW_022145068.1_region	0	0	0.00	0	0
NW_022145070.1	5912	572	0.10	0	11
NW_022145070.1_region	0	0	0.00	0	0
NW_022145073.1	125721	10136674	80.63	0	369
NW_022145073.1_region	1128	93826	83.18	19	122
NW_022145074.1	5886	21	0.00	0	1
NW_022145074.1_region	0	0	0.00	0	0
NW_022145075.1	5854	23	0.00	0	1
NW_022145075.1_region	0	0	0.00	0	0
NW_022145076.1	5852	106	0.02	0	2
NW_022145076.1_region	0	0	0.00	0	0
NW_022145077.1	5819	60	0.01	0	2
NW_022145077.1_region	0	0	0.00	0	0
NW_022145078.1	5814	80	0.01	0	2
NW_022145078.1_region	0	0	0.00	0	0
NW_022145082.1	5699	40	0.01	0	2
NW_022145082.1_region	0	0	0.00	0	0
NW_022145083.1	5623	84718	15.07	0	54
NW_022145083.1_region	0	0	0.00	0	0
NW_022145084.1	104907	9475564	90.32	0	1378
NW_022145084.1_region	0	0	0.00	0	0
NW_022145085.1	5609	48558	8.66	0	66
NW_022145085.1_region	0	0	0.00	0	0
NW_022145086.1	5578	44	0.01	0	2
NW_022145086.1_region	635	0	0.00	0	0
NW_022145087.1	5530	114	0.02	0	4
NW_022145087.1_region	0	0	0.00	0	0
NW_022145089.1	5471	40	0.01	0	2
NW_022145089.1_region	0	0	0.00	0	0
NW_022145092.1	5321	1272	0.24	0	14
NW_022145092.1_region	0	0	0.00	0	0
NW_022145093.1	5319	31	0.01	0	1
NW_022145093.1_region	0	0	0.00	0	0
NW_022145094.1	5316	77	0.01	0	2
NW_022145094.1_region	0	0	0.00	0	0
NW_022145095.1	119971	12072115	100.63	0	958
NW_022145095.1_region	0	0	0.00	0	0
NW_022145097.1	3350	70285	20.98	0	72
NW_022145097.1_region	0	0	0.00	0	0
NW_022145098.1	5251	219002	41.71	0	580
NW_022145098.1_region	0	0	0.00	0	0
NW_022145099.1	5225	642	0.12	0	17
NW_022145099.1_region	0	0	0.00	0	0
NW_022145100.1	5219	80	0.02	0	4
NW_022145100.1_region	0	0	0.00	0	0
NW_022145102.1	5187	79249	15.28	0	57
NW_022145102.1_region	0	0	0.00	0	0
NW_022145103.1	5181	114	0.02	0	6
NW_022145103.1_region	0	0	0.00	0	0
NW_022145105.1	5115	228	0.04	0	6
NW_022145105.1_region	0	0	0.00	0	0
NW_022145106.1	20950	735891	35.13	0	477
NW_022145106.1_region	0	0	0.00	0	0
NW_022145108.1	5029	84	0.02	0	2
NW_022145108.1_region	0	0	0.00	0	0
NW_022145109.1	5000	79	0.02	0	4
NW_022145109.1_region	0	0	0.00	0	0
NW_022145111.1	4972	113	0.02	0	4
NW_022145111.1_region	0	0	0.00	0	0
NW_022145112.1	4951	114	0.02	0	6
NW_022145112.1_region	0	0	0.00	0	0
NW_022145114.1	4917	76	0.02	0	2
NW_022145114.1_region	0	0	0.00	0	0
NW_022145116.1	4896	143	0.03	0	6
NW_022145116.1_region	0	0	0.00	0	0
NW_022145117.1	47376	1802700	38.05	0	236
NW_022145117.1_region	0	0	0.00	0	0
NW_022145118.1	4884	21	0.00	0	1
NW_022145118.1_region	0	0	0.00	0	0
NW_022145120.1	4846	80	0.02	0	4
NW_022145120.1_region	0	0	0.00	0	0
NW_022145121.1	4840	122	0.03	0	4
NW_022145121.1_region	0	0	0.00	0	0
NW_022145122.1	4808	38	0.01	0	2
NW_022145122.1_region	0	0	0.00	0	0
NW_022145123.1	4782	42	0.01	0	2
NW_022145123.1_region	0	0	0.00	0	0
NW_022145126.1	4727	90	0.02	0	4
NW_022145126.1_region	0	0	0.00	0	0
NW_022145128.1	91882	2502686	27.24	0	401
NW_022145128.1_region	0	0	0.00	0	0
NW_022145129.1	2752	43830	15.93	0	84
NW_022145129.1_region	0	0	0.00	0	0
NW_022145131.1	4671	80	0.02	0	2
NW_022145131.1_region	0	0	0.00	0	0
NW_022145132.1	4669	40	0.01	0	2
NW_022145132.1_region	0	0	0.00	0	0
NW_022145133.1	4668	93	0.02	0	2
NW_022145133.1_region	0	0	0.00	0	0
NW_022145134.1	4653	80	0.02	0	4
NW_022145134.1_region	717	0	0.00	0	0
NW_022145135.1	4651	408	0.09	0	12
NW_022145135.1_region	0	0	0.00	0	0
NW_022145136.1	4645	20	0.00	0	1
NW_022145136.1_region	0	0	0.00	0	0
NW_022145137.1	4640	141	0.03	0	4
NW_022145137.1_region	0	0	0.00	0	0
NW_022145139.1	94356	12437774	131.82	0	675
NW_022145139.1_region	882	71686	81.28	37	151
NW_022145140.1	4613	88	0.02	0	4
NW_022145140.1_region	0	0	0.00	0	0
NW_022145143.1	4528	390	0.09	0	10
NW_022145143.1_region	0	0	0.00	0	0
NW_022145149.1	4409	37861	8.59	0	44
NW_022145149.1_region	534	5998	11.23	0	26
NW_022145150.1	68008	6866829	100.97	0	1458
NW_022145150.1_region	0	0	0.00	0	0
NW_022145151.1	4402	30	0.01	0	1
NW_022145151.1_region	0	0	0.00	0	0
NW_022145152.1	4394	45800	10.42	0	40
NW_022145152.1_region	532	8563	16.10	0	40
NW_022145153.1	4383	38	0.01	0	2
NW_022145153.1_region	311	6	0.02	0	2
NW_022145155.1	4348	133	0.03	0	3
NW_022145155.1_region	0	0	0.00	0	0
NW_022145156.1	4334	370	0.09	0	10
NW_022145156.1_region	0	0	0.00	0	0
NW_022145157.1	4293	70	0.02	0	2
NW_022145157.1_region	0	0	0.00	0	0
NW_022145159.1	4175	20071	4.81	0	21
NW_022145159.1_region	0	0	0.00	0	0
NW_022145161.1	115902	8050097	69.46	0	581
NW_022145161.1_region	0	0	0.00	0	0
NW_022145168.1	4077	40	0.01	0	2
NW_022145168.1_region	888	0	0.00	0	0
NW_022145169.1	4076	61	0.01	0	1
NW_022145169.1_region	0	0	0.00	0	0
NW_022145170.1	4072	7811	1.92	0	18
NW_022145170.1_region	0	0	0.00	0	0
NW_022145171.1	4046	80	0.02	0	4
NW_022145171.1_region	0	0	0.00	0	0
NW_022145172.1	67843	4202622	61.95	0	170
NW_022145172.1_region	0	0	0.00	0	0
NW_022145177.1	3926	40	0.01	0	2
NW_022145177.1_region	0	0	0.00	0	0
NW_022145179.1	3904	171	0.04	0	2
NW_022145179.1_region	0	0	0.00	0	0
NW_022145180.1	3861	24	0.01	0	1
NW_022145180.1_region	0	0	0.00	0	0
NW_022145182.1	3825	20	0.01	0	1
NW_022145182.1_region	0	0	0.00	0	0
NW_022145183.1	35970	1766932	49.12	0	571
NW_022145183.1_region	0	0	0.00	0	0
NW_022145184.1	3822	21	0.01	0	1
NW_022145184.1_region	0	0	0.00	0	0
NW_022145186.1	3774	0	0.00	0	0
NW_022145186.1_region	0	0	0.00	0	0
NW_022145187.1	3757	38	0.01	0	2
NW_022145187.1_region	0	0	0.00	0	0
NW_022145188.1	3756	351	0.09	0	7
NW_022145188.1_region	0	0	0.00	0	0
NW_022145189.1	1796	23882	13.30	0	31
NW_022145189.1_region	0	0	0.00	0	0
NW_022145193.1	3705	40	0.01	0	2
NW_022145193.1_region	0	0	0.00	0	0
NW_022145194.1	44435	1780350	40.07	0	364
NW_022145194.1_region	0	0	0.00	0	0
NW_022145196.1	3656	143	0.04	0	4
NW_022145196.1_region	0	0	0.00	0	0
NW_022145199.1	3560	40768	11.45	0	32
NW_022145199.1_region	0	0	0.00	0	0
NW_022145200.1	3523	62	0.02	0	1
NW_022145200.1_region	0	0	0.00	0	0
NW_022145201.1	3516	108	0.03	0	4
NW_022145201.1_region	0	0	0.00	0	0
NW_022145202.1	3511	55551	15.82	0	45
NW_022145202.1_region	0	0	0.00	0	0
NW_022145203.1	3498	20	0.01	0	1
NW_022145203.1_region	0	0	0.00	0	0
NW_022145204.1	3481	157	0.05	0	4
NW_022145204.1_region	881	0	0.00	0	0
NW_022145205.1	79806	13965088	174.99	0	4747
NW_022145205.1_region	0	0	0.00	0	0
NW_022145206.1	3465	76	0.02	0	4
NW_022145206.1_region	0	0	0.00	0	0
NW_022145207.1	3398	161850	47.63	0	95
NW_022145207.1_region	0	0	0.00	0	0
NW_022145208.1	3377	0	0.00	0	0
NW_022145208.1_region	0	0	0.00	0	0
NW_022145209.1	3370	127880	37.95	0	82
NW_022145209.1_region	0	0	0.00	0	0
NW_022145211.1	3352	0	0.00	0	0
NW_022145211.1_region	259	0	0.00	0	0
NW_022145212.1	3330	45393	13.63	0	30
NW_022145212.1_region	0	0	0.00	0	0
NW_022145213.1	3323	95405	28.71	0	67
NW_022145213.1_region	0	0	0.00	0	0
NW_022145214.1	3314	38170	11.52	0	41
NW_022145214.1_region	0	0	0.00	0	0
NW_022145216.1	46122	2705337	58.66	0	1034
NW_022145216.1_region	0	0	0.00	0	0
NW_022145220.1	3239	4545	1.40	0	15
NW_022145220.1_region	0	0	0.00	0	0
NW_022145221.1	3235	52971	16.37	0	44
NW_022145221.1_region	0	0	0.00	0	0
NW_022145222.1	3233	75478	23.35	0	44
NW_022145222.1_region	0	0	0.00	0	0
NW_022145223.1	3216	38	0.01	0	2
NW_022145223.1_region	0	0	0.00	0	0
NW_022145224.1	3205	106816	33.33	0	66
NW_022145224.1_region	0	0	0.00	0	0
NW_022145227.1	47480	3964752	83.50	0	2599
NW_022145227.1_region	0	0	0.00	0	0
NW_022145228.1	3187	107260	33.66	0	73
NW_022145228.1_region	603	31147	51.65	32	66
NW_022145230.1	3167	56346	17.79	0	45
NW_022145230.1_region	0	0	0.00	0	0
NW_022145233.1	3154	31404	9.96	0	86
NW_022145233.1_region	0	0	0.00	0	0
NW_022145235.1	3124	42640	13.65	0	46
NW_022145235.1_region	0	0	0.00	0	0
NW_022145237.1	3114	21561	6.92	0	31
NW_022145237.1_region	0	0	0.00	0	0
NW_022145238.1	45709	1577768	34.52	0	717
NW_022145238.1_region	0	0	0.00	0	0
NW_022145240.1	3085	240	0.08	0	7
NW_022145240.1_region	0	0	0.00	0	0
NW_022145241.1	3074	98938	32.19	0	168
NW_022145241.1_region	0	0	0.00	0	0
NW_022145242.1	3062	38	0.01	0	2
NW_022145242.1_region	0	0	0.00	0	0
NW_022145244.1	3045	82	0.03	0	2
NW_022145244.1_region	0	0	0.00	0	0
NW_022145246.1	3009	42	0.01	0	2
NW_022145246.1_region	0	0	0.00	0	0
NW_022145247.1	2958	87207	29.48	0	65
NW_022145247.1_region	0	0	0.00	0	0
NW_022145249.1	29338	1388126	47.31	0	148
NW_022145249.1_region	0	0	0.00	0	0
NW_022145251.1	2939	92144	31.35	0	83
NW_022145251.1_region	0	0	0.00	0	0
NW_022145252.1	2904	0	0.00	0	0
NW_022145252.1_region	0	0	0.00	0	0
NW_022145253.1	2889	65298	22.60	0	44
NW_022145253.1_region	0	0	0.00	0	0
NW_022145254.1	2888	173	0.06	0	5
NW_022145254.1_region	0	0	0.00	0	0
NW_022145255.1	2888	47550	16.46	0	42
NW_022145255.1_region	0	0	0.00	0	0
NW_022145256.1	2876	137480	47.80	1	86
NW_022145256.1_region	0	0	0.00	0	0
NW_022145259.1	1344	31137	23.17	0	107
NW_022145259.1_region	0	0	0.00	0	0
NW_022145260.1	47144	2431377	51.57	0	244
NW_022145260.1_region	0	0	0.00	0	0
NW_022145262.1	2822	19	0.01	0	1
NW_022145262.1_region	0	0	0.00	0	0
NW_022145265.1	2767	20	0.01	0	1
NW_022145265.1_region	0	0	0.00	0	0
NW_022145266.1	2759	42	0.02	0	2
NW_022145266.1_region	0	0	0.00	0	0
NW_022145267.1	2749	36831	13.40	0	31
NW_022145267.1_region	0	0	0.00	0	0
NW_022145268.1	2741	0	0.00	0	0
NW_022145268.1_region	0	0	0.00	0	0
NW_022145270.1	2717	38	0.01	0	2
NW_022145270.1_region	0	0	0.00	0	0
NW_022145271.1	63049	3366529	53.40	0	589
NW_022145271.1_region	0	0	0.00	0	0
NW_022145274.1	868	6956	8.01	0	33
NW_022145274.1_region	0	0	0.00	0	0
NW_022145275.1	2658	21	0.01	0	1
NW_022145275.1_region	0	0	0.00	0	0
NW_022145280.1	2578	15995	6.20	0	57
NW_022145280.1_region	0	0	0.00	0	0
NW_022145282.1	32392	505775	15.61	0	475
NW_022145282.1_region	0	0	0.00	0	0
NW_022145283.1	2515	28457	11.31	0	62
NW_022145283.1_region	0	0	0.00	0	0
NW_022145284.1	2502	28	0.01	0	1
NW_022145284.1_region	0	0	0.00	0	0
NW_022145285.1	2496	6846	2.74	0	27
NW_022145285.1_region	0	0	0.00	0	0
NW_022145286.1	2435	23213	9.53	0	36
NW_022145286.1_region	0	0	0.00	0	0
NW_022145288.1	2392	48346	20.21	0	63
NW_022145288.1_region	0	0	0.00	0	0
NW_022145289.1	2386	988	0.41	0	4
NW_022145289.1_region	0	0	0.00	0	0
NW_022145291.1	2256	19	0.01	0	1
NW_022145291.1_region	0	0	0.00	0	0
NW_022145292.1	2232	28	0.01	0	1
NW_022145292.1_region	0	0	0.00	0	0
NW_022145293.1	59163	2935791	49.62	0	661
NW_022145293.1_region	0	0	0.00	0	0
NW_022145297.1	2217	124599	56.20	12	126
NW_022145297.1_region	0	0	0.00	0	0
NW_022145299.1	2192	20	0.01	0	1
NW_022145299.1_region	0	0	0.00	0	0
NW_022145300.1	2175	80	0.04	0	4
NW_022145300.1_region	0	0	0.00	0	0
NW_022145301.1	2168	686	0.32	0	6
NW_022145301.1_region	0	0	0.00	0	0
NW_022145302.1	2157	358798	166.34	9	239
NW_022145302.1_region	0	0	0.00	0	0
NW_022145303.1	2145	40	0.02	0	2
NW_022145303.1_region	0	0	0.00	0	0
NW_022145304.1	32983	2225195	67.46	0	226
NW_022145304.1_region	0	0	0.00	0	0
NW_022145308.1	2118	35	0.02	0	1
NW_022145308.1_region	306	0	0.00	0	0
NW_022145309.1	2105	0	0.00	0	0
NW_022145309.1_region	0	0	0.00	0	0
NW_022145310.1	2099	0	0.00	0	0
NW_022145310.1_region	0	0	0.00	0	0
NW_022145311.1	2070	424	0.20	0	8
NW_022145311.1_region	0	0	0.00	0	0
NW_022145312.1	2062	41255	20.01	0	58
NW_022145312.1_region	0	0	0.00	0	0
NW_022145315.1	56963	5006152	87.88	0	733
NW_022145315.1_region	0	0	0.00	0	0
NW_022145316.1	2045	38	0.02	0	2
NW_022145316.1_region	0	0	0.00	0	0
NW_022145317.1	2026	0	0.00	0	0
NW_022145317.1_region	0	0	0.00	0	0
NW_022145318.1	1994	30837	15.46	0	53
NW_022145318.1_region	0	0	0.00	0	0
NW_022145319.1	1994	1901	0.95	0	9
NW_022145319.1_region	0	0	0.00	0	0
NW_022145321.1	1988	44	0.02	0	2
NW_022145321.1_region	0	0	0.00	0	0
NW_022145323.1	1965	21533	10.96	0	30
NW_022145323.1_region	0	0	0.00	0	0
NW_022145324.1	1960	1877	0.96	0	8
NW_022145324.1_region	329	784	2.38	0	8
NW_022145326.1	57626	3923410	68.08	0	354
NW_022145326.1_region	0	0	0.00	0	0
NW_022145327.1	1943	430	0.22	0	3
NW_022145327.1_region	0	0	0.00	0	0
NW_022145329.1	1929	1936	1.00	0	9
NW_022145329.1_region	0	0	0.00	0	0
NW_022145331.1	1861	48422	26.02	0	50
NW_022145331.1_region	0	0	0.00	0	0
NW_022145332.1	1839	104947	57.07	3	99
NW_022145332.1_region	0	0	0.00	0	0
NW_022145335.1	1806	24864	13.77	0	30
NW_022145335.1_region	0	0	0.00	0	0
NW_022145336.1	1754	16848	9.61	0	45
NW_022145336.1_region	0	0	0.00	0	0
NW_022145337.1	54544	4284485	78.55	0	540
NW_022145337.1_region	0	0	0.00	0	0
NW_022145338.1	1727	38	0.02	0	2
NW_022145338.1_region	0	0	0.00	0	0
NW_022145342.1	1579	23	0.01	0	1
NW_022145342.1_region	0	0	0.00	0	0
NW_022145345.1	1540	21507	13.97	0	68
NW_022145345.1_region	0	0	0.00	0	0
NW_022145346.1	1528	4664	3.05	0	16
NW_022145346.1_region	0	0	0.00	0	0
NW_022145347.1	1523	4360	2.86	0	16
NW_022145347.1_region	0	0	0.00	0	0
NW_022145348.1	76140	582181	7.65	0	839
NW_022145348.1_region	0	0	0.00	0	0
NW_022145349.1	1511	1078	0.71	0	4
NW_022145349.1_region	0	0	0.00	0	0
NW_022145350.1	1492	0	0.00	0	0
NW_022145350.1_region	0	0	0.00	0	0
NW_022145351.1	1491	65	0.04	0	2
NW_022145351.1_region	0	0	0.00	0	0
NW_022145352.1	1490	38	0.03	0	2
NW_022145352.1_region	0	0	0.00	0	0
NW_022145354.1	1479	38	0.03	0	2
NW_022145354.1_region	0	0	0.00	0	0
NW_022145355.1	1460	0	0.00	0	0
NW_022145355.1_region	0	0	0.00	0	0
NW_022145358.1	1384	150	0.11	0	1
NW_022145358.1_region	0	0	0.00	0	0
NW_022145359.1	60007	3805214	63.41	0	334
NW_022145359.1_region	0	0	0.00	0	0
NW_022145360.1	1362	29549	21.70	0	47
NW_022145360.1_region	0	0	0.00	0	0
NW_022145362.1	1300	40	0.03	0	2
NW_022145362.1_region	0	0	0.00	0	0
NW_022145363.1	1277	9207	7.21	0	24
NW_022145363.1_region	0	0	0.00	0	0
NW_022145365.1	1255	16524	13.17	0	27
NW_022145365.1_region	0	0	0.00	0	0
NW_022145366.1	1254	14064	11.22	0	32
NW_022145366.1_region	0	0	0.00	0	0
NW_022145367.1	1154	38	0.03	0	2
NW_022145367.1_region	0	0	0.00	0	0
NW_022145368.1	1142	220	0.19	0	2
NW_022145368.1_region	0	0	0.00	0	0
NW_022145369.1	1099	16949	15.42	0	34
NW_022145369.1_region	0	0	0.00	0	0
NW_022145370.1	74314	6290260	84.64	0	483
NW_022145370.1_region	0	0	0.00	0	0
NW_022145371.1	1072	7814	7.29	0	13
NW_022145371.1_region	0	0	0.00	0	0
NW_022145372.1	1035	30983	29.94	0	67
NW_022145372.1_region	0	0	0.00	0	0
NW_022145373.1	1007	2132	2.12	0	11
NW_022145373.1_region	0	0	0.00	0	0
NW_022145374.1	1000	444	0.44	0	3
NW_022145374.1_region	0	0	0.00	0	0
NW_022145375.1	10000	532337	53.23	0	166
NW_022145375.1_region	0	0	0.00	0	0
NW_022145376.1	25000	2276943	91.08	0	209
NW_022145376.1_region	1591	138224	86.88	1	121
NW_022145377.1	50000	2876490	57.53	0	277
NW_022145377.1_region	612	34141	55.79	32	81
NW_022145378.1	26863	289	0.01	0	3
NW_022145378.1_region	0	0	0.00	0	0
NW_022145379.1	23852	189	0.01	0	2
NW_022145379.1_region	1275	0	0.00	0	0
NW_022145380.1	23611	80	0.00	0	2
NW_022145380.1_region	1430	0	0.00	0	0
NW_022145381.1	55218	2898240	52.49	0	624
NW_022145381.1_region	0	0	0.00	0	0
NW_022145382.1	23435	374	0.02	0	6
NW_022145382.1_region	0	0	0.00	0	0
NW_022145383.1	21401	86	0.00	0	2
NW_022145383.1_region	0	0	0.00	0	0
NW_022145384.1	19291	2405	0.12	0	61
NW_022145384.1_region	0	0	0.00	0	0
NW_022145385.1	18791	164	0.01	0	4
NW_022145385.1_region	0	0	0.00	0	0
NW_022145386.1	18617	94	0.01	0	3
NW_022145386.1_region	0	0	0.00	0	0
NW_022145387.1	17981	74	0.00	0	2
NW_022145387.1_region	0	0	0.00	0	0
NW_022145388.1	17946	110	0.01	0	2
NW_022145388.1_region	0	0	0.00	0	0
NW_022145389.1	17857	218	0.01	0	4
NW_022145389.1_region	0	0	0.00	0	0
NW_022145390.1	21857	594	0.03	0	4
NW_022145390.1_region	589	0	0.00	0	0
NW_022145391.1	33930	559	0.02	0	7
NW_022145391.1_region	0	0	0.00	0	0
NW_022145392.1	88843	3000649	33.77	0	921
NW_022145392.1_region	0	0	0.00	0	0
NW_022145393.1	22373	400	0.02	0	9
NW_022145393.1_region	0	0	0.00	0	0
NW_022145394.1	20846	432	0.02	0	6
NW_022145394.1_region	0	0	0.00	0	0
NW_022145395.1	18089	214	0.01	0	6
NW_022145395.1_region	1125	0	0.00	0	0
NW_022145396.1	15624	1074	0.07	0	21
NW_022145396.1_region	0	0	0.00	0	0
NW_022145397.1	15314	182	0.01	0	3
NW_022145397.1_region	3172	0	0.00	0	0
NW_022145398.1	146455	3718968	25.39	0	745
NW_022145398.1_region	0	0	0.00	0	0
NW_022145399.1	17799	0	0.00	0	0
NW_022145399.1_region	0	0	0.00	0	0
NW_022145400.1	17257	526	0.03	0	10
NW_022145400.1_region	1338	0	0.00	0	0
NW_022145401.1	16486	273	0.02	0	2
NW_022145401.1_region	573	0	0.00	0	0
NW_022145402.1	15178	239	0.02	0	4
NW_022145402.1_region	0	0	0.00	0	0
NW_022145403.1	45037	4142513	91.98	0	635
NW_022145403.1_region	0	0	0.00	0	0
NW_022145404.1	57045	1798188	31.52	0	283
NW_022145404.1_region	0	0	0.00	0	0
NW_022145405.1	22053	30	0.00	0	1
NW_022145405.1_region	0	0	0.00	0	0
NW_022145406.1	43925	3518030	80.09	0	356
NW_022145406.1_region	0	0	0.00	0	0
NW_022145407.1	24217	345	0.01	0	5
NW_022145407.1_region	5022	0	0.00	0	0
NW_022145408.1	16015	136	0.01	0	2
NW_022145408.1_region	0	0	0.00	0	0
NW_022145409.1	71395	4977138	69.71	0	550
NW_022145409.1_region	0	0	0.00	0	0
NW_022145410.1	73525	10367681	141.01	0	287
NW_022145410.1_region	0	0	0.00	0	0
NW_022145411.1	16065	846	0.05	0	18
NW_022145411.1_region	740	0	0.00	0	0
NW_022145412.1	20205	637	0.03	0	8
NW_022145412.1_region	0	0	0.00	0	0
NW_022145413.1	31795	1604213	50.45	0	248
NW_022145413.1_region	0	0	0.00	0	0
NW_022145414.1	15341	366	0.02	0	4
NW_022145414.1_region	0	0	0.00	0	0
NW_022145415.1	60355	3876538	64.23	0	213
NW_022145415.1_region	0	0	0.00	0	0
NW_022145416.1	16986	552	0.03	0	7
NW_022145416.1_region	1207	0	0.00	0	0
NW_022145417.1	51512	3307700	64.21	0	795
NW_022145417.1_region	0	0	0.00	0	0
NW_022145418.1	17001	549	0.03	0	11
NW_022145418.1_region	0	0	0.00	0	0
NW_022145419.1	67720	5122801	75.65	0	293
NW_022145419.1_region	2984	157032	52.62	0	107
NW_022145420.1	35402	693740	19.60	0	361
NW_022145420.1_region	0	0	0.00	0	0
NW_022145421.1	23454	550	0.02	0	12
NW_022145421.1_region	1191	0	0.00	0	0
NW_022145422.1	78273	5194801	66.37	0	642
NW_022145422.1_region	0	0	0.00	0	0
NW_022145423.1	126508	4427141	34.99	0	654
NW_022145423.1_region	0	0	0.00	0	0
NW_022145424.1	62776	3512984	55.96	0	177
NW_022145424.1_region	0	0	0.00	0	0
NW_022145425.1	30360	934925	30.79	0	395
NW_022145425.1_region	0	0	0.00	0	0
NW_022145426.1	79185	22542199	284.68	0	2161
NW_022145426.1_region	0	0	0.00	0	0
NW_022145427.1	152116	67015095	440.55	0	14277
NW_022145427.1_region	27980	2180963	77.95	32	120
NW_022145428.1	65691	18297258	278.54	0	4287
NW_022145428.1_region	0	0	0.00	0	0
NW_022145429.1	66232	6292872	95.01	0	537
NW_022145429.1_region	919	61245	66.64	46	81
NW_022145430.1	42199	1132450	26.84	0	181
NW_022145430.1_region	0	0	0.00	0	0
NW_022145431.1	56568	5277905	93.30	0	398
NW_022145431.1_region	3939	336609	85.46	1	215
NW_022145432.1	111484	11969477	107.36	0	978
NW_022145432.1_region	0	0	0.00	0	0
NW_022145433.1	30854	299152	9.70	0	261
NW_022145433.1_region	0	0	0.00	0	0
NW_022145434.1	18775	413	0.02	0	9
NW_022145434.1_region	0	0	0.00	0	0
NW_022145435.1	122365	929240	7.59	0	882
NW_022145435.1_region	0	0	0.00	0	0
NW_022145436.1	31453	230314	7.32	0	165
NW_022145436.1_region	0	0	0.00	0	0
NW_022145437.1	105348	2062974	19.58	0	336
NW_022145437.1_region	1621	111198	68.60	1	127
NW_022145438.1	53375	872176	16.34	0	2745
NW_022145438.1_region	0	0	0.00	0	0
NW_022145439.1	77972	1548805	19.86	0	1852
NW_022145439.1_region	0	0	0.00	0	0
NW_022145440.1	82617	1883017	22.79	0	1009
NW_022145440.1_region	0	0	0.00	0	0
NW_022145441.1	62133	991430	15.96	0	4233
NW_022145441.1_region	0	0	0.00	0	0
NW_022145442.1	41935	1003435	23.93	0	541
NW_022145442.1_region	0	0	0.00	0	0
NW_022145443.1	40287	3797146	94.25	0	322
NW_022145443.1_region	0	0	0.00	0	0
NW_022145444.1	25197	253918	10.08	0	149
NW_022145444.1_region	0	0	0.00	0	0
NW_022145445.1	64732	4368683	67.49	0	572
NW_022145445.1_region	0	0	0.00	0	0
NW_022145446.1	65218	648955	9.95	0	475
NW_022145446.1_region	0	0	0.00	0	0
NW_022145447.1	15922	2150	0.14	0	16
NW_022145447.1_region	0	0	0.00	0	0
NW_022145448.1	107340	3752630	34.96	0	956
NW_022145448.1_region	0	0	0.00	0	0
NW_022145449.1	63868	4592925	71.91	0	1029
NW_022145449.1_region	0	0	0.00	0	0
NW_022145450.1	33901	320507	9.45	0	100
NW_022145450.1_region	0	0	0.00	0	0
NW_022145451.1	25217	433932	17.21	0	276
NW_022145451.1_region	0	0	0.00	0	0
NW_022145452.1	61174	4549539	74.37	0	849
NW_022145452.1_region	0	0	0.00	0	0
NW_022145453.1	70260	11075077	157.63	0	1704
NW_022145453.1_region	0	0	0.00	0	0
NW_022145454.1	46400	4260395	91.82	0	874
NW_022145454.1_region	0	0	0.00	0	0
NW_022145455.1	47120	3414998	72.47	0	1017
NW_022145455.1_region	0	0	0.00	0	0
NW_022145456.1	130804	11633544	88.94	0	359
NW_022145456.1_region	5818	630191	108.32	44	169
NW_022145457.1	100977	10116451	100.19	0	653
NW_022145457.1_region	20102	1641547	81.66	2	145
NW_022145458.1	16456	1572	0.10	0	38
NW_022145458.1_region	0	0	0.00	0	0
NW_022145459.1	25000	2910590	116.42	14	351
NW_022145459.1_region	0	0	0.00	0	0
NW_022145460.1	50000	3410646	68.21	0	260
NW_022145460.1_region	650	41160	63.32	48	79
NW_022145461.1	50000	4431329	88.63	0	244
NW_022145461.1_region	3013	234422	77.80	0	160
NW_022145462.1	50000	3769256	75.39	0	207
NW_022145462.1_region	8349	677347	81.13	39	205
NW_022145463.1	50000	4419575	88.39	1	342
NW_022145463.1_region	1710	160513	93.87	51	169
NW_022145464.1	50000	6067231	121.34	0	666
NW_022145464.1_region	1987	268388	135.07	98	231
NW_022145465.1	15000	1503451	100.23	0	177
NW_022145465.1_region	2130	215758	101.29	45	142
NW_022145466.1	5000	392564	78.51	1	152
NW_022145466.1_region	0	0	0.00	0	0
NW_022145467.1	25000	2136431	85.46	0	286
NW_022145467.1_region	854	70548	82.61	53	110
NW_022145468.1	25000	1699403	67.98	0	146
NW_022145468.1_region	0	0	0.00	0	0
NW_022145469.1	86957	4764907	54.80	0	650
NW_022145469.1_region	0	0	0.00	0	0
NW_022145470.1	5000	607962	121.59	4	767
NW_022145470.1_region	0	0	0.00	0	0
NW_022145471.1	25000	2034505	81.38	0	176
NW_022145471.1_region	0	0	0.00	0	0
NW_022145472.1	25000	2163456	86.54	0	226
NW_022145472.1_region	0	0	0.00	0	0
NW_022145473.1	25000	2229030	89.16	0	242
NW_022145473.1_region	0	0	0.00	0	0
NW_022145474.1	25000	1780840	71.23	0	256
NW_022145474.1_region	4583	310542	67.76	1	136
NW_022145475.1	1000	117280	117.28	2	317
NW_022145475.1_region	0	0	0.00	0	0
NW_022145476.1	50000	4694716	93.89	0	432
NW_022145476.1_region	5958	554502	93.07	39	141
NW_022145477.1	25000	1648421	65.94	0	185
NW_022145477.1_region	1769	95676	54.08	11	84
NW_022145478.1	50000	4832708	96.65	0	682
NW_022145478.1_region	3566	428697	120.22	62	160
NW_022145479.1	5000	276141	55.23	2	112
NW_022145479.1_region	0	0	0.00	0	0
NW_022145480.1	15847	214	0.01	0	3
NW_022145480.1_region	0	0	0.00	0	0
NW_022145481.1	25000	1783088	71.32	0	226
NW_022145481.1_region	1828	101166	55.34	19	74
NW_022145482.1	25000	1501315	60.05	2	145
NW_022145482.1_region	6670	417540	62.60	2	98
NW_022145483.1	25000	2169279	86.77	1	213
NW_022145483.1_region	0	0	0.00	0	0
NW_022145484.1	5000	332585	66.52	4	92
NW_022145484.1_region	5214	368128	70.60	6	92
NW_022145485.1	5000	531048	106.21	0	361
NW_022145485.1_region	0	0	0.00	0	0
NW_022145486.1	5000	287579	57.52	0	181
NW_022145486.1_region	0	0	0.00	0	0
NW_022145487.1	50000	7556258	151.13	0	1424
NW_022145487.1_region	5526	355333	64.30	23	92
NW_022145488.1	40000	549589	13.74	0	220
NW_022145488.1_region	0	0	0.00	0	0
NW_022145489.1	25000	1344117	53.76	0	166
NW_022145489.1_region	4981	355292	71.33	36	166
NW_022145490.1	50000	2898481	57.97	0	214
NW_022145490.1_region	0	0	0.00	0	0
NW_022145491.1	115136	2147326	18.65	0	950
NW_022145491.1_region	0	0	0.00	0	0
NW_022145492.1	50000	2327033	46.54	0	394
NW_022145492.1_region	538	31299	58.18	35	75
NW_022145493.1	50000	3677741	73.55	0	309
NW_022145493.1_region	1727	100766	58.35	13	92
NW_022145494.1	25000	1637021	65.48	0	179
NW_022145494.1_region	0	0	0.00	0	0
NW_022145495.1	50000	3970317	79.41	0	247
NW_022145495.1_region	0	0	0.00	0	0
NW_022145496.1	25000	1578847	63.15	0	488
NW_022145496.1_region	3257	253369	77.79	49	141
NW_022145497.1	25000	2158961	86.36	1	302
NW_022145497.1_region	0	0	0.00	0	0
NW_022145498.1	25000	2774105	110.96	2	183
NW_022145498.1_region	2020	230822	114.27	44	143
NW_022145499.1	50000	4455611	89.11	0	372
NW_022145499.1_region	2727	290388	106.49	3	177
NW_022145500.1	25000	2511719	100.47	0	325
NW_022145500.1_region	0	0	0.00	0	0
NW_022145501.1	25000	2312917	92.52	2	311
NW_022145501.1_region	0	0	0.00	0	0
NW_022145502.1	61323	22909119	373.58	0	2654
NW_022145502.1_region	0	0	0.00	0	0
NW_022145503.1	25000	1653422	66.14	0	218
NW_022145503.1_region	0	0	0.00	0	0
NW_022145504.1	25000	1471394	58.86	0	163
NW_022145504.1_region	818	50993	62.34	32	78
NW_022145505.1	25000	15420696	616.83	0	1854
NW_022145505.1_region	0	0	0.00	0	0
NW_022145506.1	50000	7169368	143.39	0	448
NW_022145506.1_region	5037	905950	179.86	61	398
NW_022145507.1	240000	21805877	90.86	0	302
NW_022145507.1_region	64869	4260457	65.68	25	99
NW_022145508.1	256744	26739611	104.15	0	1528
NW_022145508.1_region	20000	1702140	85.11	38	168
NW_022145509.1	50000	5602793	112.06	0	239
NW_022145509.1_region	8952	1086891	121.41	39	162
NW_022145510.1	50000	5932415	118.65	0	1099
NW_022145510.1_region	4232	548548	129.62	94	180
NW_022145511.1	125000	7702540	61.62	0	334
NW_022145511.1_region	3854	282788	73.38	45	103
NW_022145512.1	264514	39589223	149.67	0	3557
NW_022145512.1_region	15649	1609409	102.84	0	190
NW_022145513.1	15455	243	0.02	0	6
NW_022145513.1_region	0	0	0.00	0	0
NW_022145514.1	1221726	78653974	64.38	0	438
NW_022145514.1_region	180988	11577585	63.97	0	171
NW_022145515.1	446053	29252736	65.58	0	1009
NW_022145515.1_region	28314	1685901	59.54	7	88
NW_022145516.1	1773824	117415857	66.19	0	404
NW_022145516.1_region	111525	6885251	61.74	15	255
NW_022145517.1	410634	27060617	65.90	0	360
NW_022145517.1_region	104566	6456037	61.74	5	140
NW_022145518.1	296294	20119595	67.90	0	292
NW_022145518.1_region	56860	3508020	61.70	10	134
NW_022145519.1	501666	34585690	68.94	0	313
NW_022145519.1_region	76195	5728340	75.18	2	237
NW_022145520.1	2604766	167446484	64.28	0	826
NW_022145520.1_region	280091	18172401	64.88	1	314
NW_022145521.1	834627	52999678	63.50	0	340
NW_022145521.1_region	117831	7268736	61.69	9	134
NW_022145522.1	601000	39076952	65.02	0	462
NW_022145522.1_region	63701	4014335	63.02	7	199
NW_022145523.1	367191	23768968	64.73	0	369
NW_022145523.1_region	52059	3069065	58.95	7	102
NW_022145524.1	25673	606	0.02	0	10
NW_022145524.1_region	1236	0	0.00	0	0
NW_022145525.1	496028	31595723	63.70	0	746
NW_022145525.1_region	80238	5111331	63.70	1	704
NW_022145526.1	2368880	158585223	66.95	0	1070
NW_022145526.1_region	224985	15345861	68.21	9	245
NW_022145527.1	766201	54378651	70.97	0	720
NW_022145527.1_region	133615	8738681	65.40	0	217
NW_022145528.1	991221	64757866	65.33	0	1116
NW_022145528.1_region	111577	7048169	63.17	6	1116
NW_022145529.1	437458	29400776	67.21	0	353
NW_022145529.1_region	51706	3311739	64.05	11	204
NW_022145530.1	684040	45215937	66.10	0	663
NW_022145530.1_region	77843	5702750	73.26	2	228
NW_022145531.1	219183	26099631	119.08	0	2965
NW_022145531.1_region	35097	2097683	59.77	8	95
NW_022145532.1	1289379	83604482	64.84	0	865
NW_022145532.1_region	178727	11892222	66.54	3	158
NW_022145533.1	364073	24665078	67.75	0	408
NW_022145533.1_region	50762	3540635	69.75	18	197
NW_022145534.1	1128541	75624880	67.01	0	3555
NW_022145534.1_region	135398	8322242	61.47	4	157
NW_022145535.1	17605	174	0.01	0	6
NW_022145535.1_region	0	0	0.00	0	0
NW_022145536.1	139137	15042808	108.12	0	509
NW_022145536.1_region	11066	1312492	118.61	34	509
NW_022145537.1	426703	29009227	67.98	0	351
NW_022145537.1_region	49425	3326486	67.30	10	172
NW_022145538.1	583819	39306019	67.33	0	413
NW_022145538.1_region	76564	5034934	65.76	0	182
NW_022145539.1	1685109	116794775	69.31	0	942
NW_022145539.1_region	177595	11560465	65.09	1	290
NW_022145540.1	549706	37042710	67.39	0	549
NW_022145540.1_region	129365	8262441	63.87	2	185
NW_022145541.1	1073309	68151381	63.50	0	433
NW_022145541.1_region	86888	5415964	62.33	1	156
NW_022145542.1	1383299	92041103	66.54	0	455
NW_022145542.1_region	210797	14239069	67.55	4	248
NW_022145543.1	1596249	103865823	65.07	0	489
NW_022145543.1_region	172495	11255960	65.25	4	213
NW_022145544.1	2048326	127777091	62.38	0	532
NW_022145544.1_region	335759	20849620	62.10	1	196
NW_022145545.1	1678063	105723836	63.00	0	433
NW_022145545.1_region	327231	20973373	64.09	4	198
NW_022145546.1	53450	6897637	129.05	0	3121
NW_022145546.1_region	0	0	0.00	0	0
NW_022145547.1	2234538	153414255	68.66	0	692
NW_022145547.1_region	281912	17985826	63.80	1	173
NW_022145548.1	722242	48528654	67.19	0	328
NW_022145548.1_region	65562	4282433	65.32	11	164
NW_022145549.1	1791521	125612758	70.12	0	4064
NW_022145549.1_region	223237	15202215	68.10	0	318
NW_022145550.1	1496376	98342678	65.72	0	418
NW_022145550.1_region	152149	10264085	67.46	12	364
NW_022145551.1	2795456	180252410	64.48	0	1018
NW_022145551.1_region	337009	21503950	63.81	0	323
NW_022145552.1	2303257	151471535	65.76	0	481
NW_022145552.1_region	359286	23077897	64.23	1	256
NW_022145553.1	1021577	81778849	80.05	0	3899
NW_022145553.1_region	105661	6662172	63.05	5	158
NW_022145554.1	2052140	129842469	63.27	0	542
NW_022145554.1_region	315312	19707261	62.50	0	262
NW_022145555.1	898903	56029251	62.33	0	490
NW_022145555.1_region	131545	8109353	61.65	2	149
NW_022145556.1	638884	43590267	68.23	0	332
NW_022145556.1_region	7919	521759	65.89	33	119
NW_022145557.1	22264	148	0.01	0	2
NW_022145557.1_region	840	0	0.00	0	0
NW_022145558.1	2570869	165515564	64.38	0	610
NW_022145558.1_region	271207	17125600	63.15	5	163
NW_022145559.1	1083236	76385730	70.52	0	608
NW_022145559.1_region	113537	7794157	68.65	6	515
NW_022145560.1	1242028	78128850	62.90	0	582
NW_022145560.1_region	159941	10233910	63.99	0	214
NW_022145561.1	1175743	77432566	65.86	0	2735
NW_022145561.1_region	125292	7951011	63.46	0	169
NW_022145562.1	889695	59037244	66.36	0	880
NW_022145562.1_region	69917	4529964	64.79	1	159
NW_022145563.1	1261903	83260205	65.98	0	1128
NW_022145563.1_region	265524	18599981	70.05	0	355
NW_022145564.1	710235	45334772	63.83	0	515
NW_022145564.1_region	28828	1849795	64.17	8	132
NW_022145565.1	722416	45873073	63.50	0	288
NW_022145565.1_region	117891	7354742	62.39	0	196
NW_022145566.1	3042594	194906427	64.06	0	658
NW_022145566.1_region	507522	31772604	62.60	4	658
NW_022145567.1	781304	57630752	73.76	0	501
NW_022145567.1_region	93044	8225143	88.40	0	285
NW_022145568.1	22583	148	0.01	0	3
NW_022145568.1_region	0	0	0.00	0	0
NW_022145569.1	494736	32737750	66.17	0	604
NW_022145569.1_region	40733	2456614	60.31	4	136
NW_022145570.1	4944709	314273215	63.56	0	500
NW_022145570.1_region	721707	46618298	64.59	0	272
NW_022145571.1	1505274	95958136	63.75	0	565
NW_022145571.1_region	224862	14110019	62.75	5	221
NW_022145572.1	1505788	97854209	64.99	0	1555
NW_022145572.1_region	127958	7915170	61.86	1	113
NW_022145573.1	529305	33641021	63.56	0	390
NW_022145573.1_region	84450	5068008	60.01	0	168
NW_022145574.1	1404637	95527638	68.01	0	1612
NW_022145574.1_region	730803	46341389	63.41	1	223
NW_022145575.1	3300603	212753110	64.46	0	660
NW_022145575.1_region	385392	24177582	62.74	0	360
NW_022145576.1	2906720	191744707	65.97	0	1760
NW_022145576.1_region	455122	29144335	64.04	0	199
NW_022145577.1	252291	17256369	68.40	0	501
NW_022145577.1_region	61448	3826615	62.27	0	259
NW_022145578.1	630834	41315657	65.49	0	1412
NW_022145578.1_region	120357	7566455	62.87	1	157
NW_022145579.1	83414	2416271	28.97	0	776
NW_022145579.1_region	0	0	0.00	0	0
NW_022145580.1	1039218	65848821	63.36	0	433
NW_022145580.1_region	176731	11344495	64.19	2	180
NW_022145581.1	427848	28494225	66.60	0	750
NW_022145581.1_region	69729	4321221	61.97	0	137
NW_022145582.1	15763	38	0.00	0	2
NW_022145582.1_region	1211	0	0.00	0	0
NW_022145583.1	16615	105	0.01	0	2
NW_022145583.1_region	860	0	0.00	0	0
NW_022145584.1	16732	128	0.01	0	4
NW_022145584.1_region	702	0	0.00	0	0
NW_022145585.1	21525	437	0.02	0	6
NW_022145585.1_region	0	0	0.00	0	0
NW_022145586.1	22644	207	0.01	0	4
NW_022145586.1_region	0	0	0.00	0	0
NW_022145587.1	22806	244	0.01	0	4
NW_022145587.1_region	2589	0	0.00	0	0
NW_022145588.1	61109	347	0.01	0	2
NW_022145588.1_region	0	0	0.00	0	0
NW_022145589.1	111277	5028141	45.19	0	634
NW_022145589.1_region	0	0	0.00	0	0
NW_022145590.1	98897	38	0.00	0	2
NW_022145590.1_region	0	0	0.00	0	0
NW_022145591.1	92921	235223	2.53	0	147
NW_022145591.1_region	0	0	0.00	0	0
NW_022145592.1	82943	38	0.00	0	2
NW_022145592.1_region	0	0	0.00	0	0
NW_022145594.1	53101916	4527934216	85.27	0	5012
NW_022145594.1_region	4928527	484465374	98.30	0	737
NW_022145595.1	29984350	2912090808	97.12	0	16551
NW_022145595.1_region	4597686	478672262	104.11	0	905
NW_022145596.1	33320444	3206198267	96.22	0	6821
NW_022145596.1_region	5343021	567318293	106.18	0	660
NW_022145597.1	34141700	3385205890	99.15	0	7627
NW_022145597.1_region	4699766	527124437	112.16	0	4979
NW_022145598.1	37305039	3432355263	92.01	0	10759
NW_022145598.1_region	4219744	447208261	105.98	0	1716
NW_022145599.1	37767046	3567424958	94.46	0	7710
NW_022145599.1_region	5785353	604293011	104.45	0	1393
NW_022145600.1	37282239	3475123311	93.21	0	12306
NW_022145600.1_region	4976651	509703609	102.42	0	799
NW_022145601.1	35007347	3261526771	93.17	0	12390
NW_022145601.1_region	4746343	486519672	102.50	0	4445
NW_022145602.1	30021120	2639439667	87.92	0	5114
NW_022145602.1_region	4746405	500569973	105.46	0	1109
NW_022145603.1	34285068	3418847771	99.72	0	14609
NW_022145603.1_region	3304294	362645301	109.75	0	1433
NW_022145604.1	33742549	2960162919	87.73	0	4166
NW_022145604.1_region	4561774	459603768	100.75	0	555
NW_022145605.1	42589791	3918280707	92.00	0	12834
NW_022145605.1_region	5913597	601890111	101.78	0	1376
NW_022145606.1	52437917	4188070415	79.87	0	8915
NW_022145606.1_region	4499231	398890826	88.66	0	833
NW_022145607.1	45798072	4610760613	100.68	0	42426
NW_022145607.1_region	5492587	589092454	107.25	0	1388
NW_022145608.1	80573	6639339	82.40	0	167
NW_022145608.1_region	446	24341	54.58	2	81
NW_022145609.1	39838600	3550836761	89.13	0	3065
NW_022145609.1_region	5061190	516732528	102.10	0	1402
NW_022145610.1	35917773	3303647725	91.98	0	2077
NW_022145610.1_region	5207114	544612893	104.59	0	965
NW_022145611.1	45225044	4700331584	103.93	0	15378
NW_022145611.1_region	8660143	962142534	111.10	0	752
NW_022145612.1	62154208	6034922573	97.10	0	4480
NW_022145612.1_region	13398045	1436633943	107.23	0	912
NW_022145613.1	39667378	4093185867	103.19	0	7171
NW_022145613.1_region	7338764	833649934	113.60	0	1452
NW_022145614.1	33637615	3343035321	99.38	0	1570
NW_022145614.1_region	5894039	660592291	112.08	0	822
NW_022145615.1	35239632	3609379010	102.42	0	3881
NW_022145615.1_region	5487866	624786393	113.85	0	772
NC_001453.1	15650	48746	3.11	0	21
NC_001453.1_region	0	0	0.00	0	0
total	920740417	84082343043	91.32	0	42426
total_region	129934883	13310347854	102.44	0	4979
